1.00	0.9881	0.0018	0.0091	0.0000	0.0010
2.00	0.9864	0.0033	0.0083	0.0002	0.0018
3.00	0.9848	0.0045	0.0077	0.0003	0.0027
4.00	0.9833	0.0054	0.0072	0.0005	0.0035
5.00	0.9820	0.0062	0.0068	0.0008	0.0042
6.00	0.9806	0.0069	0.0065	0.0010	0.0050
7.00	0.9794	0.0074	0.0062	0.0012	0.0057
8.00	0.9782	0.0078	0.0060	0.0015	0.0065
9.00	0.9771	0.0082	0.0058	0.0017	0.0072
10.00	0.9759	0.0085	0.0056	0.0020	0.0080
11.00	0.9749	0.0087	0.0055	0.0022	0.0087
12.00	0.9738	0.0089	0.0054	0.0024	0.0095
13.00	0.9727	0.0090	0.0053	0.0026	0.0103
14.00	0.9717	0.0092	0.0052	0.0028	0.0111
15.00	0.9707	0.0092	0.0052	0.0030	0.0119
16.00	0.9697	0.0093	0.0051	0.0031	0.0127
17.00	0.9687	0.0094	0.0051	0.0033	0.0136
18.00	0.9677	0.0094	0.0051	0.0034	0.0144
19.00	0.9668	0.0094	0.0050	0.0035	0.0152
20.00	0.9658	0.0095	0.0050	0.0036	0.0161
21.00	0.9648	0.0095	0.0050	0.0037	0.0170
22.00	0.9639	0.0095	0.0049	0.0038	0.0178
23.00	0.9629	0.0095	0.0049	0.0039	0.0187
24.00	0.9620	0.0095	0.0049	0.0040	0.0196
25.00	0.9610	0.0095	0.0049	0.0041	0.0205
26.00	0.9601	0.0095	0.0049	0.0041	0.0214
27.00	0.9592	0.0095	0.0049	0.0042	0.0223
28.00	0.9582	0.0094	0.0049	0.0042	0.0232
29.00	0.9573	0.0094	0.0048	0.0043	0.0241
30.00	0.9564	0.0094	0.0048	0.0043	0.0251
31.00	0.9555	0.0094	0.0048	0.0044	0.0260
32.00	0.9545	0.0094	0.0048	0.0044	0.0269
33.00	0.9536	0.0094	0.0048	0.0044	0.0278
34.00	0.9527	0.0093	0.0048	0.0044	0.0287
35.00	0.9518	0.0093	0.0048	0.0045	0.0297
36.00	0.9509	0.0093	0.0048	0.0045	0.0306
37.00	0.9500	0.0093	0.0047	0.0045	0.0315
38.00	0.9491	0.0092	0.0047	0.0045	0.0324
39.00	0.9482	0.0092	0.0047	0.0045	0.0334
40.00	0.9473	0.0092	0.0047	0.0045	0.0343
41.00	0.9464	0.0092	0.0047	0.0045	0.0352
42.00	0.9455	0.0091	0.0047	0.0045	0.0361
43.00	0.9446	0.0091	0.0047	0.0045	0.0370
44.00	0.9438	0.0091	0.0047	0.0045	0.0380
45.00	0.9429	0.0091	0.0047	0.0045	0.0389
46.00	0.9420	0.0090	0.0046	0.0045	0.0398
47.00	0.9411	0.0090	0.0046	0.0045	0.0407
48.00	0.9403	0.0090	0.0046	0.0045	0.0416
49.00	0.9394	0.0089	0.0046	0.0045	0.0425
50.00	0.9385	0.0089	0.0046	0.0045	0.0435
51.00	0.9377	0.0089	0.0046	0.0045	0.0444
52.00	0.9368	0.0088	0.0046	0.0045	0.0453
53.00	0.9360	0.0088	0.0045	0.0045	0.0462
54.00	0.9351	0.0088	0.0045	0.0045	0.0471
55.00	0.9343	0.0088	0.0045	0.0045	0.0480
56.00	0.9334	0.0087	0.0045	0.0045	0.0489
57.00	0.9326	0.0087	0.0045	0.0045	0.0498
58.00	0.9317	0.0087	0.0045	0.0044	0.0507
59.00	0.9309	0.0086	0.0045	0.0044	0.0516
60.00	0.9301	0.0086	0.0044	0.0044	0.0525
61.00	0.9293	0.0086	0.0044	0.0044	0.0533
62.00	0.9284	0.0085	0.0044	0.0044	0.0542
63.00	0.9276	0.0085	0.0044	0.0044	0.0551
64.00	0.9268	0.0085	0.0044	0.0044	0.0560
65.00	0.9260	0.0084	0.0044	0.0044	0.0569
66.00	0.9252	0.0084	0.0044	0.0043	0.0577
67.00	0.9244	0.0084	0.0043	0.0043	0.0586
68.00	0.9236	0.0083	0.0043	0.0043	0.0595
69.00	0.9228	0.0083	0.0043	0.0043	0.0603
70.00	0.9220	0.0083	0.0043	0.0043	0.0612
71.00	0.9212	0.0082	0.0043	0.0043	0.0620
72.00	0.9204	0.0082	0.0043	0.0043	0.0629
73.00	0.9196	0.0082	0.0042	0.0042	0.0637
74.00	0.9189	0.0081	0.0042	0.0042	0.0646
75.00	0.9181	0.0081	0.0042	0.0042	0.0654
76.00	0.9173	0.0080	0.0042	0.0042	0.0663
77.00	0.9165	0.0080	0.0042	0.0042	0.0671
78.00	0.9158	0.0080	0.0042	0.0042	0.0679
79.00	0.9150	0.0079	0.0041	0.0041	0.0688
80.00	0.9143	0.0079	0.0041	0.0041	0.0696
81.00	0.9135	0.0079	0.0041	0.0041	0.0704
82.00	0.9128	0.0078	0.0041	0.0041	0.0712
83.00	0.9120	0.0078	0.0041	0.0041	0.0720
84.00	0.9113	0.0078	0.0041	0.0041	0.0729
85.00	0.9105	0.0077	0.0040	0.0040	0.0737
86.00	0.9098	0.0077	0.0040	0.0040	0.0745
87.00	0.9091	0.0076	0.0040	0.0040	0.0753
88.00	0.9084	0.0076	0.0040	0.0040	0.0761
89.00	0.9076	0.0076	0.0040	0.0040	0.0769
90.00	0.9069	0.0075	0.0039	0.0039	0.0777
91.00	0.9062	0.0075	0.0039	0.0039	0.0784
92.00	0.9055	0.0075	0.0039	0.0039	0.0792
93.00	0.9048	0.0074	0.0039	0.0039	0.0800
94.00	0.9041	0.0074	0.0039	0.0039	0.0808
95.00	0.9034	0.0073	0.0039	0.0039	0.0816
96.00	0.9027	0.0073	0.0038	0.0038	0.0823
97.00	0.9020	0.0073	0.0038	0.0038	0.0831
98.00	0.9013	0.0072	0.0038	0.0038	0.0839
99.00	0.9006	0.0072	0.0038	0.0038	0.0846
100.00	0.8999	0.0072	0.0038	0.0038	0.0854
101.00	0.8993	0.0071	0.0037	0.0037	0.0861
102.00	0.8986	0.0071	0.0037	0.0037	0.0869
103.00	0.8979	0.0070	0.0037	0.0037	0.0876
104.00	0.8973	0.0070	0.0037	0.0037	0.0884
105.00	0.8966	0.0070	0.0037	0.0037	0.0891
106.00	0.8960	0.0069	0.0037	0.0037	0.0898
107.00	0.8953	0.0069	0.0036	0.0036	0.0905
108.00	0.8946	0.0069	0.0036	0.0036	0.0913
109.00	0.8940	0.0068	0.0036	0.0036	0.0920
110.00	0.8934	0.0068	0.0036	0.0036	0.0927
111.00	0.8927	0.0067	0.0036	0.0036	0.0934
112.00	0.8921	0.0067	0.0035	0.0035	0.0941
113.00	0.8915	0.0067	0.0035	0.0035	0.0948
114.00	0.8908	0.0066	0.0035	0.0035	0.0955
115.00	0.8902	0.0066	0.0035	0.0035	0.0962
116.00	0.8896	0.0065	0.0035	0.0035	0.0969
117.00	0.8890	0.0065	0.0034	0.0034	0.0976
118.00	0.8884	0.0065	0.0034	0.0034	0.0983
119.00	0.8878	0.0064	0.0034	0.0034	0.0990
120.00	0.8872	0.0064	0.0034	0.0034	0.0997
121.00	0.8866	0.0064	0.0034	0.0034	0.1003
122.00	0.8860	0.0063	0.0033	0.0033	0.1010
123.00	0.8854	0.0063	0.0033	0.0033	0.1017
124.00	0.8848	0.0062	0.0033	0.0033	0.1024
125.00	0.8842	0.0062	0.0033	0.0033	0.1030
126.00	0.8836	0.0062	0.0033	0.0033	0.1037
127.00	0.8831	0.0061	0.0033	0.0033	0.1043
128.00	0.8825	0.0061	0.0032	0.0032	0.1050
129.00	0.8819	0.0060	0.0032	0.0032	0.1056
130.00	0.8813	0.0060	0.0032	0.0032	0.1063
131.00	0.8808	0.0060	0.0032	0.0032	0.1069
132.00	0.8802	0.0059	0.0032	0.0032	0.1075
133.00	0.8797	0.0059	0.0031	0.0031	0.1082
134.00	0.8791	0.0059	0.0031	0.0031	0.1088
135.00	0.8786	0.0058	0.0031	0.0031	0.1094
136.00	0.8780	0.0058	0.0031	0.0031	0.1100
137.00	0.8775	0.0057	0.0031	0.0031	0.1106
138.00	0.8770	0.0057	0.0030	0.0030	0.1112
139.00	0.8764	0.0057	0.0030	0.0030	0.1119
140.00	0.8759	0.0056	0.0030	0.0030	0.1125
141.00	0.8754	0.0056	0.0030	0.0030	0.1131
142.00	0.8749	0.0056	0.0030	0.0030	0.1136
143.00	0.8743	0.0055	0.0029	0.0029	0.1142
144.00	0.8738	0.0055	0.0029	0.0029	0.1148
145.00	0.8733	0.0055	0.0029	0.0029	0.1154
146.00	0.8728	0.0054	0.0029	0.0029	0.1160
147.00	0.8723	0.0054	0.0029	0.0029	0.1166
148.00	0.8718	0.0053	0.0029	0.0029	0.1171
149.00	0.8713	0.0053	0.0028	0.0028	0.1177
150.00	0.8708	0.0053	0.0028	0.0028	0.1183
151.00	0.8703	0.0052	0.0028	0.0028	0.1188
152.00	0.8698	0.0052	0.0028	0.0028	0.1194
153.00	0.8694	0.0052	0.0028	0.0028	0.1200
154.00	0.8689	0.0051	0.0027	0.0027	0.1205
155.00	0.8684	0.0051	0.0027	0.0027	0.1211
156.00	0.8679	0.0051	0.0027	0.0027	0.1216
157.00	0.8675	0.0050	0.0027	0.0027	0.1221
158.00	0.8670	0.0050	0.0027	0.0027	0.1227
159.00	0.8665	0.0050	0.0027	0.0027	0.1232
160.00	0.8661	0.0049	0.0026	0.0026	0.1237
161.00	0.8656	0.0049	0.0026	0.0026	0.1243
162.00	0.8652	0.0048	0.0026	0.0026	0.1248
163.00	0.8647	0.0048	0.0026	0.0026	0.1253
164.00	0.8643	0.0048	0.0026	0.0026	0.1258
165.00	0.8638	0.0047	0.0025	0.0025	0.1263
166.00	0.8634	0.0047	0.0025	0.0025	0.1268
167.00	0.8630	0.0047	0.0025	0.0025	0.1273
168.00	0.8625	0.0046	0.0025	0.0025	0.1278
169.00	0.8621	0.0046	0.0025	0.0025	0.1283
170.00	0.8617	0.0046	0.0025	0.0025	0.1288
171.00	0.8612	0.0045	0.0024	0.0024	0.1293
172.00	0.8608	0.0045	0.0024	0.0024	0.1298
173.00	0.8604	0.0045	0.0024	0.0024	0.1303
174.00	0.8600	0.0044	0.0024	0.0024	0.1308
175.00	0.8596	0.0044	0.0024	0.0024	0.1313
176.00	0.8592	0.0044	0.0024	0.0024	0.1317
177.00	0.8588	0.0043	0.0023	0.0023	0.1322
178.00	0.8584	0.0043	0.0023	0.0023	0.1327
179.00	0.8580	0.0043	0.0023	0.0023	0.1331
180.00	0.8576	0.0042	0.0023	0.0023	0.1336
181.00	0.8572	0.0042	0.0023	0.0023	0.1340
182.00	0.8568	0.0042	0.0023	0.0023	0.1345
183.00	0.8564	0.0042	0.0022	0.0022	0.1349
184.00	0.8560	0.0041	0.0022	0.0022	0.1354
185.00	0.8557	0.0041	0.0022	0.0022	0.1358
186.00	0.8553	0.0041	0.0022	0.0022	0.1363
187.00	0.8549	0.0040	0.0022	0.0022	0.1367
188.00	0.8545	0.0040	0.0022	0.0022	0.1371
189.00	0.8542	0.0040	0.0021	0.0021	0.1376
190.00	0.8538	0.0039	0.0021	0.0021	0.1380
191.00	0.8534	0.0039	0.0021	0.0021	0.1384
192.00	0.8531	0.0039	0.0021	0.0021	0.1388
193.00	0.8527	0.0038	0.0021	0.0021	0.1393
194.00	0.8524	0.0038	0.0021	0.0021	0.1397
195.00	0.8520	0.0038	0.0020	0.0020	0.1401
196.00	0.8517	0.0038	0.0020	0.0020	0.1405
197.00	0.8513	0.0037	0.0020	0.0020	0.1409
198.00	0.8510	0.0037	0.0020	0.0020	0.1413
199.00	0.8506	0.0037	0.0020	0.0020	0.1417
200.00	0.8503	0.0036	0.0020	0.0020	0.1421
201.00	0.8500	0.0036	0.0020	0.0020	0.1425
202.00	0.8496	0.0036	0.0019	0.0019	0.1429
203.00	0.8493	0.0036	0.0019	0.0019	0.1433
204.00	0.8490	0.0035	0.0019	0.0019	0.1437
205.00	0.8487	0.0035	0.0019	0.0019	0.1440
206.00	0.8483	0.0035	0.0019	0.0019	0.1444
207.00	0.8480	0.0034	0.0019	0.0019	0.1448
208.00	0.8477	0.0034	0.0019	0.0019	0.1452
209.00	0.8474	0.0034	0.0018	0.0018	0.1455
210.00	0.8471	0.0034	0.0018	0.0018	0.1459
211.00	0.8468	0.0033	0.0018	0.0018	0.1463
212.00	0.8465	0.0033	0.0018	0.0018	0.1466
213.00	0.8462	0.0033	0.0018	0.0018	0.1470
214.00	0.8459	0.0033	0.0018	0.0018	0.1473
215.00	0.8456	0.0032	0.0018	0.0018	0.1477
216.00	0.8453	0.0032	0.0017	0.0017	0.1480
217.00	0.8450	0.0032	0.0017	0.0017	0.1484
218.00	0.8447	0.0032	0.0017	0.0017	0.1487
219.00	0.8444	0.0031	0.0017	0.0017	0.1491
220.00	0.8441	0.0031	0.0017	0.0017	0.1494
221.00	0.8438	0.0031	0.0017	0.0017	0.1497
222.00	0.8436	0.0030	0.0017	0.0017	0.1501
223.00	0.8433	0.0030	0.0016	0.0016	0.1504
224.00	0.8430	0.0030	0.0016	0.0016	0.1507
225.00	0.8427	0.0030	0.0016	0.0016	0.1511
226.00	0.8425	0.0030	0.0016	0.0016	0.1514
227.00	0.8422	0.0029	0.0016	0.0016	0.1517
228.00	0.8419	0.0029	0.0016	0.0016	0.1520
229.00	0.8417	0.0029	0.0016	0.0016	0.1523
230.00	0.8414	0.0029	0.0016	0.0016	0.1526
231.00	0.8411	0.0028	0.0015	0.0015	0.1530
232.00	0.8409	0.0028	0.0015	0.0015	0.1533
233.00	0.8406	0.0028	0.0015	0.0015	0.1536
234.00	0.8404	0.0028	0.0015	0.0015	0.1539
235.00	0.8401	0.0027	0.0015	0.0015	0.1542
236.00	0.8399	0.0027	0.0015	0.0015	0.1545
237.00	0.8396	0.0027	0.0015	0.0015	0.1548
238.00	0.8394	0.0027	0.0015	0.0015	0.1551
239.00	0.8391	0.0026	0.0014	0.0014	0.1553
240.00	0.8389	0.0026	0.0014	0.0014	0.1556
241.00	0.8386	0.0026	0.0014	0.0014	0.1559
242.00	0.8384	0.0026	0.0014	0.0014	0.1562
243.00	0.8382	0.0026	0.0014	0.0014	0.1565
244.00	0.8379	0.0025	0.0014	0.0014	0.1568
245.00	0.8377	0.0025	0.0014	0.0014	0.1570
246.00	0.8375	0.0025	0.0014	0.0014	0.1573
247.00	0.8373	0.0025	0.0013	0.0013	0.1576
248.00	0.8370	0.0024	0.0013	0.0013	0.1578
249.00	0.8368	0.0024	0.0013	0.0013	0.1581
250.00	0.8366	0.0024	0.0013	0.0013	0.1584
251.00	0.8364	0.0024	0.0013	0.0013	0.1586
252.00	0.8362	0.0024	0.0013	0.0013	0.1589
253.00	0.8359	0.0023	0.0013	0.0013	0.1592
254.00	0.8357	0.0023	0.0013	0.0013	0.1594
255.00	0.8355	0.0023	0.0013	0.0013	0.1597
256.00	0.8353	0.0023	0.0013	0.0013	0.1599
257.00	0.8351	0.0023	0.0012	0.0012	0.1602
258.00	0.8349	0.0022	0.0012	0.0012	0.1604
259.00	0.8347	0.0022	0.0012	0.0012	0.1607
260.00	0.8345	0.0022	0.0012	0.0012	0.1609
261.00	0.8343	0.0022	0.0012	0.0012	0.1611
262.00	0.8341	0.0022	0.0012	0.0012	0.1614
263.00	0.8339	0.0022	0.0012	0.0012	0.1616
264.00	0.8337	0.0021	0.0012	0.0012	0.1618
265.00	0.8335	0.0021	0.0012	0.0012	0.1621
266.00	0.8333	0.0021	0.0011	0.0011	0.1623
267.00	0.8331	0.0021	0.0011	0.0011	0.1625
268.00	0.8329	0.0021	0.0011	0.0011	0.1628
269.00	0.8327	0.0020	0.0011	0.0011	0.1630
270.00	0.8325	0.0020	0.0011	0.0011	0.1632
271.00	0.8324	0.0020	0.0011	0.0011	0.1634
272.00	0.8322	0.0020	0.0011	0.0011	0.1637
273.00	0.8320	0.0020	0.0011	0.0011	0.1639
274.00	0.8318	0.0020	0.0011	0.0011	0.1641
275.00	0.8316	0.0019	0.0011	0.0011	0.1643
276.00	0.8315	0.0019	0.0011	0.0011	0.1645
277.00	0.8313	0.0019	0.0010	0.0010	0.1647
278.00	0.8311	0.0019	0.0010	0.0010	0.1649
279.00	0.8310	0.0019	0.0010	0.0010	0.1651
280.00	0.8308	0.0019	0.0010	0.0010	0.1653
281.00	0.8306	0.0018	0.0010	0.0010	0.1655
282.00	0.8305	0.0018	0.0010	0.0010	0.1657
283.00	0.8303	0.0018	0.0010	0.0010	0.1659
284.00	0.8301	0.0018	0.0010	0.0010	0.1661
285.00	0.8300	0.0018	0.0010	0.0010	0.1663
286.00	0.8298	0.0018	0.0010	0.0010	0.1665
287.00	0.8296	0.0017	0.0010	0.0010	0.1667
288.00	0.8295	0.0017	0.0009	0.0009	0.1669
289.00	0.8293	0.0017	0.0009	0.0009	0.1671
290.00	0.8292	0.0017	0.0009	0.0009	0.1673
291.00	0.8290	0.0017	0.0009	0.0009	0.1675
292.00	0.8289	0.0017	0.0009	0.0009	0.1676
293.00	0.8287	0.0016	0.0009	0.0009	0.1678
294.00	0.8286	0.0016	0.0009	0.0009	0.1680
295.00	0.8284	0.0016	0.0009	0.0009	0.1682
296.00	0.8283	0.0016	0.0009	0.0009	0.1684
297.00	0.8281	0.0016	0.0009	0.0009	0.1685
298.00	0.8280	0.0016	0.0009	0.0009	0.1687
299.00	0.8278	0.0016	0.0009	0.0009	0.1689
300.00	0.8277	0.0015	0.0008	0.0008	0.1691
301.00	0.8276	0.0015	0.0008	0.0008	0.1692
302.00	0.8274	0.0015	0.0008	0.0008	0.1694
303.00	0.8273	0.0015	0.0008	0.0008	0.1696
304.00	0.8271	0.0015	0.0008	0.0008	0.1697
305.00	0.8270	0.0015	0.0008	0.0008	0.1699
306.00	0.8269	0.0015	0.0008	0.0008	0.1700
307.00	0.8267	0.0015	0.0008	0.0008	0.1702
308.00	0.8266	0.0014	0.0008	0.0008	0.1704
309.00	0.8265	0.0014	0.0008	0.0008	0.1705
310.00	0.8264	0.0014	0.0008	0.0008	0.1707
311.00	0.8262	0.0014	0.0008	0.0008	0.1708
312.00	0.8261	0.0014	0.0008	0.0008	0.1710
313.00	0.8260	0.0014	0.0008	0.0008	0.1711
314.00	0.8259	0.0014	0.0007	0.0007	0.1713
315.00	0.8257	0.0013	0.0007	0.0007	0.1714
316.00	0.8256	0.0013	0.0007	0.0007	0.1716
317.00	0.8255	0.0013	0.0007	0.0007	0.1717
318.00	0.8254	0.0013	0.0007	0.0007	0.1719
319.00	0.8252	0.0013	0.0007	0.0007	0.1720
320.00	0.8251	0.0013	0.0007	0.0007	0.1722
321.00	0.8250	0.0013	0.0007	0.0007	0.1723
322.00	0.8249	0.0013	0.0007	0.0007	0.1724
323.00	0.8248	0.0013	0.0007	0.0007	0.1726
324.00	0.8247	0.0012	0.0007	0.0007	0.1727
325.00	0.8246	0.0012	0.0007	0.0007	0.1729
326.00	0.8244	0.0012	0.0007	0.0007	0.1730
327.00	0.8243	0.0012	0.0007	0.0007	0.1731
328.00	0.8242	0.0012	0.0007	0.0007	0.1733
329.00	0.8241	0.0012	0.0007	0.0007	0.1734
330.00	0.8240	0.0012	0.0006	0.0006	0.1735
331.00	0.8239	0.0012	0.0006	0.0006	0.1736
332.00	0.8238	0.0012	0.0006	0.0006	0.1738
333.00	0.8237	0.0011	0.0006	0.0006	0.1739
334.00	0.8236	0.0011	0.0006	0.0006	0.1740
335.00	0.8235	0.0011	0.0006	0.0006	0.1742
336.00	0.8234	0.0011	0.0006	0.0006	0.1743
337.00	0.8233	0.0011	0.0006	0.0006	0.1744
338.00	0.8232	0.0011	0.0006	0.0006	0.1745
339.00	0.8231	0.0011	0.0006	0.0006	0.1746
340.00	0.8230	0.0011	0.0006	0.0006	0.1748
341.00	0.8229	0.0011	0.0006	0.0006	0.1749
342.00	0.8228	0.0011	0.0006	0.0006	0.1750
343.00	0.8227	0.0010	0.0006	0.0006	0.1751
344.00	0.8226	0.0010	0.0006	0.0006	0.1752
345.00	0.8225	0.0010	0.0006	0.0006	0.1753
346.00	0.8224	0.0010	0.0006	0.0006	0.1754
347.00	0.8223	0.0010	0.0006	0.0006	0.1756
348.00	0.8222	0.0010	0.0005	0.0005	0.1757
349.00	0.8222	0.0010	0.0005	0.0005	0.1758
350.00	0.8221	0.0010	0.0005	0.0005	0.1759
351.00	0.8220	0.0010	0.0005	0.0005	0.1760
352.00	0.8219	0.0010	0.0005	0.0005	0.1761
353.00	0.8218	0.0009	0.0005	0.0005	0.1762
354.00	0.8217	0.0009	0.0005	0.0005	0.1763
355.00	0.8216	0.0009	0.0005	0.0005	0.1764
356.00	0.8216	0.0009	0.0005	0.0005	0.1765
357.00	0.8215	0.0009	0.0005	0.0005	0.1766
358.00	0.8214	0.0009	0.0005	0.0005	0.1767
359.00	0.8213	0.0009	0.0005	0.0005	0.1768
360.00	0.8212	0.0009	0.0005	0.0005	0.1769
361.00	0.8211	0.0009	0.0005	0.0005	0.1770
362.00	0.8211	0.0009	0.0005	0.0005	0.1771
363.00	0.8210	0.0009	0.0005	0.0005	0.1772
364.00	0.8209	0.0009	0.0005	0.0005	0.1773
365.00	0.8208	0.0008	0.0005	0.0005	0.1774
366.00	0.8208	0.0008	0.0005	0.0005	0.1775
367.00	0.8207	0.0008	0.0005	0.0005	0.1776
368.00	0.8206	0.0008	0.0005	0.0005	0.1777
369.00	0.8205	0.0008	0.0005	0.0005	0.1778
370.00	0.8205	0.0008	0.0004	0.0004	0.1778
371.00	0.8204	0.0008	0.0004	0.0004	0.1779
372.00	0.8203	0.0008	0.0004	0.0004	0.1780
373.00	0.8202	0.0008	0.0004	0.0004	0.1781
374.00	0.8202	0.0008	0.0004	0.0004	0.1782
375.00	0.8201	0.0008	0.0004	0.0004	0.1783
376.00	0.8200	0.0008	0.0004	0.0004	0.1784
377.00	0.8200	0.0008	0.0004	0.0004	0.1784
378.00	0.8199	0.0007	0.0004	0.0004	0.1785
379.00	0.8198	0.0007	0.0004	0.0004	0.1786
380.00	0.8198	0.0007	0.0004	0.0004	0.1787
381.00	0.8197	0.0007	0.0004	0.0004	0.1788
382.00	0.8196	0.0007	0.0004	0.0004	0.1789
383.00	0.8196	0.0007	0.0004	0.0004	0.1789
384.00	0.8195	0.0007	0.0004	0.0004	0.1790
385.00	0.8194	0.0007	0.0004	0.0004	0.1791
386.00	0.8194	0.0007	0.0004	0.0004	0.1792
387.00	0.8193	0.0007	0.0004	0.0004	0.1792
388.00	0.8192	0.0007	0.0004	0.0004	0.1793
389.00	0.8192	0.0007	0.0004	0.0004	0.1794
390.00	0.8191	0.0007	0.0004	0.0004	0.1795
391.00	0.8191	0.0007	0.0004	0.0004	0.1795
392.00	0.8190	0.0007	0.0004	0.0004	0.1796
393.00	0.8189	0.0006	0.0004	0.0004	0.1797
394.00	0.8189	0.0006	0.0004	0.0004	0.1798
395.00	0.8188	0.0006	0.0004	0.0004	0.1798
396.00	0.8188	0.0006	0.0003	0.0003	0.1799
397.00	0.8187	0.0006	0.0003	0.0003	0.1800
398.00	0.8187	0.0006	0.0003	0.0003	0.1800
399.00	0.8186	0.0006	0.0003	0.0003	0.1801
400.00	0.8185	0.0006	0.0003	0.0003	0.1802
401.00	0.8185	0.0006	0.0003	0.0003	0.1802
402.00	0.8184	0.0006	0.0003	0.0003	0.1803
403.00	0.8184	0.0006	0.0003	0.0003	0.1804
404.00	0.8183	0.0006	0.0003	0.0003	0.1804
405.00	0.8183	0.0006	0.0003	0.0003	0.1805
406.00	0.8182	0.0006	0.0003	0.0003	0.1806
407.00	0.8182	0.0006	0.0003	0.0003	0.1806
408.00	0.8181	0.0006	0.0003	0.0003	0.1807
409.00	0.8181	0.0006	0.0003	0.0003	0.1808
410.00	0.8180	0.0006	0.0003	0.0003	0.1808
411.00	0.8180	0.0005	0.0003	0.0003	0.1809
412.00	0.8179	0.0005	0.0003	0.0003	0.1809
413.00	0.8179	0.0005	0.0003	0.0003	0.1810
414.00	0.8178	0.0005	0.0003	0.0003	0.1811
415.00	0.8178	0.0005	0.0003	0.0003	0.1811
416.00	0.8177	0.0005	0.0003	0.0003	0.1812
417.00	0.8177	0.0005	0.0003	0.0003	0.1812
418.00	0.8176	0.0005	0.0003	0.0003	0.1813
419.00	0.8176	0.0005	0.0003	0.0003	0.1813
420.00	0.8175	0.0005	0.0003	0.0003	0.1814
421.00	0.8175	0.0005	0.0003	0.0003	0.1815
422.00	0.8175	0.0005	0.0003	0.0003	0.1815
423.00	0.8174	0.0005	0.0003	0.0003	0.1816
424.00	0.8174	0.0005	0.0003	0.0003	0.1816
425.00	0.8173	0.0005	0.0003	0.0003	0.1817
426.00	0.8173	0.0005	0.0003	0.0003	0.1817
427.00	0.8172	0.0005	0.0003	0.0003	0.1818
428.00	0.8172	0.0005	0.0003	0.0003	0.1818
429.00	0.8172	0.0005	0.0003	0.0003	0.1819
430.00	0.8171	0.0005	0.0003	0.0003	0.1819
431.00	0.8171	0.0005	0.0002	0.0002	0.1820
432.00	0.8170	0.0004	0.0002	0.0002	0.1820
433.00	0.8170	0.0004	0.0002	0.0002	0.1821
434.00	0.8170	0.0004	0.0002	0.0002	0.1821
435.00	0.8169	0.0004	0.0002	0.0002	0.1822
436.00	0.8169	0.0004	0.0002	0.0002	0.1822
437.00	0.8168	0.0004	0.0002	0.0002	0.1823
438.00	0.8168	0.0004	0.0002	0.0002	0.1823
439.00	0.8168	0.0004	0.0002	0.0002	0.1824
440.00	0.8167	0.0004	0.0002	0.0002	0.1824
441.00	0.8167	0.0004	0.0002	0.0002	0.1825
442.00	0.8166	0.0004	0.0002	0.0002	0.1825
443.00	0.8166	0.0004	0.0002	0.0002	0.1825
444.00	0.8166	0.0004	0.0002	0.0002	0.1826
445.00	0.8165	0.0004	0.0002	0.0002	0.1826
446.00	0.8165	0.0004	0.0002	0.0002	0.1827
447.00	0.8165	0.0004	0.0002	0.0002	0.1827
448.00	0.8164	0.0004	0.0002	0.0002	0.1828
449.00	0.8164	0.0004	0.0002	0.0002	0.1828
450.00	0.8164	0.0004	0.0002	0.0002	0.1828
451.00	0.8163	0.0004	0.0002	0.0002	0.1829
452.00	0.8163	0.0004	0.0002	0.0002	0.1829
453.00	0.8163	0.0004	0.0002	0.0002	0.1830
454.00	0.8162	0.0004	0.0002	0.0002	0.1830
455.00	0.8162	0.0004	0.0002	0.0002	0.1830
456.00	0.8162	0.0004	0.0002	0.0002	0.1831
457.00	0.8161	0.0004	0.0002	0.0002	0.1831
458.00	0.8161	0.0003	0.0002	0.0002	0.1832
459.00	0.8161	0.0003	0.0002	0.0002	0.1832
460.00	0.8160	0.0003	0.0002	0.0002	0.1832
461.00	0.8160	0.0003	0.0002	0.0002	0.1833
462.00	0.8160	0.0003	0.0002	0.0002	0.1833
463.00	0.8159	0.0003	0.0002	0.0002	0.1834
464.00	0.8159	0.0003	0.0002	0.0002	0.1834
465.00	0.8159	0.0003	0.0002	0.0002	0.1834
466.00	0.8159	0.0003	0.0002	0.0002	0.1835
467.00	0.8158	0.0003	0.0002	0.0002	0.1835
468.00	0.8158	0.0003	0.0002	0.0002	0.1835
469.00	0.8158	0.0003	0.0002	0.0002	0.1836
470.00	0.8157	0.0003	0.0002	0.0002	0.1836
471.00	0.8157	0.0003	0.0002	0.0002	0.1836
472.00	0.8157	0.0003	0.0002	0.0002	0.1837
473.00	0.8157	0.0003	0.0002	0.0002	0.1837
474.00	0.8156	0.0003	0.0002	0.0002	0.1837
475.00	0.8156	0.0003	0.0002	0.0002	0.1838
476.00	0.8156	0.0003	0.0002	0.0002	0.1838
477.00	0.8156	0.0003	0.0002	0.0002	0.1838
478.00	0.8155	0.0003	0.0002	0.0002	0.1839
479.00	0.8155	0.0003	0.0002	0.0002	0.1839
480.00	0.8155	0.0003	0.0002	0.0002	0.1839
481.00	0.8155	0.0003	0.0002	0.0002	0.1840
482.00	0.8154	0.0003	0.0002	0.0002	0.1840
483.00	0.8154	0.0003	0.0002	0.0002	0.1840
484.00	0.8154	0.0003	0.0001	0.0001	0.1841
485.00	0.8154	0.0003	0.0001	0.0001	0.1841
486.00	0.8153	0.0003	0.0001	0.0001	0.1841
487.00	0.8153	0.0003	0.0001	0.0001	0.1841
488.00	0.8153	0.0003	0.0001	0.0001	0.1842
489.00	0.8153	0.0003	0.0001	0.0001	0.1842
490.00	0.8152	0.0003	0.0001	0.0001	0.1842
491.00	0.8152	0.0003	0.0001	0.0001	0.1843
492.00	0.8152	0.0003	0.0001	0.0001	0.1843
493.00	0.8152	0.0002	0.0001	0.0001	0.1843
494.00	0.8151	0.0002	0.0001	0.0001	0.1843
495.00	0.8151	0.0002	0.0001	0.0001	0.1844
496.00	0.8151	0.0002	0.0001	0.0001	0.1844
497.00	0.8151	0.0002	0.0001	0.0001	0.1844
498.00	0.8151	0.0002	0.0001	0.0001	0.1844
499.00	0.8150	0.0002	0.0001	0.0001	0.1845
500.00	0.8150	0.0002	0.0001	0.0001	0.1845
