1.00	0.9881	0.0018	0.0091	0.0010
2.00	0.9864	0.0034	0.0084	0.0018
3.00	0.9848	0.0048	0.0078	0.0026
4.00	0.9833	0.0060	0.0073	0.0034
5.00	0.9819	0.0071	0.0069	0.0041
6.00	0.9806	0.0080	0.0066	0.0048
7.00	0.9793	0.0089	0.0064	0.0054
8.00	0.9781	0.0096	0.0062	0.0060
9.00	0.9769	0.0103	0.0061	0.0067
10.00	0.9757	0.0110	0.0060	0.0073
11.00	0.9746	0.0116	0.0060	0.0079
12.00	0.9734	0.0122	0.0060	0.0085
13.00	0.9722	0.0127	0.0060	0.0091
14.00	0.9711	0.0132	0.0060	0.0097
15.00	0.9699	0.0137	0.0061	0.0103
16.00	0.9687	0.0142	0.0062	0.0109
17.00	0.9675	0.0147	0.0063	0.0115
18.00	0.9662	0.0152	0.0064	0.0121
19.00	0.9650	0.0157	0.0065	0.0128
20.00	0.9637	0.0162	0.0067	0.0135
21.00	0.9624	0.0166	0.0068	0.0141
22.00	0.9611	0.0171	0.0070	0.0148
23.00	0.9597	0.0176	0.0071	0.0155
24.00	0.9584	0.0181	0.0073	0.0162
25.00	0.9569	0.0186	0.0075	0.0170
26.00	0.9555	0.0191	0.0077	0.0177
27.00	0.9540	0.0196	0.0079	0.0185
28.00	0.9525	0.0201	0.0081	0.0193
29.00	0.9509	0.0207	0.0083	0.0201
30.00	0.9494	0.0212	0.0085	0.0210
31.00	0.9477	0.0218	0.0087	0.0218
32.00	0.9461	0.0223	0.0089	0.0227
33.00	0.9444	0.0229	0.0091	0.0236
34.00	0.9426	0.0235	0.0094	0.0245
35.00	0.9408	0.0241	0.0096	0.0255
36.00	0.9390	0.0247	0.0099	0.0264
37.00	0.9371	0.0253	0.0101	0.0274
38.00	0.9352	0.0260	0.0104	0.0285
39.00	0.9332	0.0266	0.0106	0.0295
40.00	0.9312	0.0273	0.0109	0.0306
41.00	0.9292	0.0279	0.0112	0.0317
42.00	0.9271	0.0286	0.0115	0.0328
43.00	0.9249	0.0293	0.0117	0.0340
44.00	0.9227	0.0300	0.0120	0.0352
45.00	0.9205	0.0308	0.0123	0.0364
46.00	0.9182	0.0315	0.0127	0.0377
47.00	0.9158	0.0323	0.0130	0.0389
48.00	0.9134	0.0330	0.0133	0.0402
49.00	0.9110	0.0338	0.0136	0.0416
50.00	0.9085	0.0346	0.0139	0.0430
51.00	0.9059	0.0354	0.0143	0.0444
52.00	0.9033	0.0362	0.0146	0.0458
53.00	0.9006	0.0371	0.0150	0.0473
54.00	0.8979	0.0379	0.0153	0.0488
55.00	0.8951	0.0388	0.0157	0.0504
56.00	0.8923	0.0397	0.0161	0.0520
57.00	0.8894	0.0406	0.0165	0.0536
58.00	0.8864	0.0415	0.0168	0.0553
59.00	0.8834	0.0424	0.0172	0.0570
60.00	0.8803	0.0433	0.0176	0.0587
61.00	0.8772	0.0443	0.0180	0.0605
62.00	0.8740	0.0452	0.0185	0.0623
63.00	0.8707	0.0462	0.0189	0.0642
64.00	0.8674	0.0472	0.0193	0.0661
65.00	0.8641	0.0482	0.0197	0.0680
66.00	0.8606	0.0492	0.0202	0.0700
67.00	0.8571	0.0502	0.0206	0.0721
68.00	0.8535	0.0512	0.0211	0.0742
69.00	0.8499	0.0523	0.0215	0.0763
70.00	0.8462	0.0533	0.0220	0.0785
71.00	0.8425	0.0544	0.0225	0.0807
72.00	0.8387	0.0555	0.0229	0.0830
73.00	0.8348	0.0565	0.0234	0.0853
74.00	0.8308	0.0576	0.0239	0.0876
75.00	0.8268	0.0587	0.0244	0.0900
76.00	0.8228	0.0598	0.0249	0.0925
77.00	0.8186	0.0609	0.0254	0.0950
78.00	0.8145	0.0620	0.0259	0.0976
79.00	0.8102	0.0632	0.0264	0.1002
80.00	0.8059	0.0643	0.0269	0.1029
81.00	0.8015	0.0654	0.0275	0.1056
82.00	0.7971	0.0666	0.0280	0.1084
83.00	0.7926	0.0677	0.0285	0.1112
84.00	0.7880	0.0688	0.0291	0.1141
85.00	0.7834	0.0700	0.0296	0.1170
86.00	0.7788	0.0711	0.0301	0.1200
87.00	0.7740	0.0722	0.0307	0.1230
88.00	0.7693	0.0734	0.0312	0.1261
89.00	0.7644	0.0745	0.0318	0.1293
90.00	0.7596	0.0756	0.0323	0.1325
91.00	0.7546	0.0768	0.0329	0.1357
92.00	0.7496	0.0779	0.0334	0.1391
93.00	0.7446	0.0790	0.0340	0.1424
94.00	0.7395	0.0801	0.0345	0.1458
95.00	0.7344	0.0812	0.0351	0.1493
96.00	0.7292	0.0823	0.0356	0.1529
97.00	0.7240	0.0834	0.0362	0.1565
98.00	0.7187	0.0844	0.0367	0.1601
99.00	0.7134	0.0855	0.0373	0.1638
100.00	0.7081	0.0865	0.0378	0.1676
101.00	0.7027	0.0875	0.0384	0.1714
102.00	0.6973	0.0885	0.0389	0.1752
103.00	0.6919	0.0895	0.0394	0.1791
104.00	0.6864	0.0905	0.0400	0.1831
105.00	0.6809	0.0915	0.0405	0.1871
106.00	0.6754	0.0924	0.0410	0.1912
107.00	0.6698	0.0933	0.0415	0.1953
108.00	0.6642	0.0942	0.0420	0.1995
109.00	0.6587	0.0951	0.0425	0.2037
110.00	0.6530	0.0959	0.0430	0.2080
111.00	0.6474	0.0967	0.0435	0.2124
112.00	0.6418	0.0975	0.0440	0.2167
113.00	0.6361	0.0983	0.0445	0.2212
114.00	0.6305	0.0990	0.0449	0.2256
115.00	0.6248	0.0997	0.0454	0.2301
116.00	0.6191	0.1004	0.0458	0.2347
117.00	0.6134	0.1010	0.0463	0.2393
118.00	0.6078	0.1016	0.0467	0.2440
119.00	0.6021	0.1022	0.0471	0.2486
120.00	0.5964	0.1027	0.0475	0.2534
121.00	0.5908	0.1032	0.0479	0.2581
122.00	0.5851	0.1037	0.0482	0.2629
123.00	0.5795	0.1042	0.0486	0.2678
124.00	0.5739	0.1046	0.0489	0.2727
125.00	0.5682	0.1049	0.0493	0.2776
126.00	0.5627	0.1053	0.0496	0.2825
127.00	0.5571	0.1056	0.0499	0.2875
128.00	0.5515	0.1058	0.0502	0.2925
129.00	0.5460	0.1060	0.0504	0.2975
130.00	0.5405	0.1062	0.0507	0.3026
131.00	0.5351	0.1064	0.0509	0.3076
132.00	0.5296	0.1065	0.0511	0.3127
133.00	0.5242	0.1066	0.0513	0.3179
134.00	0.5189	0.1066	0.0515	0.3230
135.00	0.5135	0.1066	0.0517	0.3282
136.00	0.5083	0.1066	0.0518	0.3333
137.00	0.5030	0.1065	0.0520	0.3385
138.00	0.4978	0.1064	0.0521	0.3437
139.00	0.4926	0.1062	0.0522	0.3490
140.00	0.4875	0.1060	0.0523	0.3542
141.00	0.4824	0.1058	0.0523	0.3594
142.00	0.4774	0.1055	0.0524	0.3646
143.00	0.4724	0.1053	0.0524	0.3699
144.00	0.4675	0.1049	0.0524	0.3751
145.00	0.4626	0.1046	0.0524	0.3804
146.00	0.4578	0.1042	0.0524	0.3856
147.00	0.4530	0.1037	0.0524	0.3909
148.00	0.4483	0.1033	0.0523	0.3961
149.00	0.4437	0.1028	0.0522	0.4013
150.00	0.4391	0.1023	0.0521	0.4065
151.00	0.4345	0.1017	0.0520	0.4117
152.00	0.4300	0.1012	0.0519	0.4169
153.00	0.4256	0.1005	0.0518	0.4221
154.00	0.4212	0.0999	0.0516	0.4273
155.00	0.4169	0.0992	0.0514	0.4324
156.00	0.4126	0.0986	0.0512	0.4376
157.00	0.4084	0.0979	0.0510	0.4427
158.00	0.4043	0.0971	0.0508	0.4478
159.00	0.4002	0.0964	0.0506	0.4529
160.00	0.3962	0.0956	0.0503	0.4579
161.00	0.3922	0.0948	0.0501	0.4629
162.00	0.3883	0.0940	0.0498	0.4679
163.00	0.3845	0.0931	0.0495	0.4729
164.00	0.3807	0.0923	0.0492	0.4778
165.00	0.3770	0.0914	0.0489	0.4827
166.00	0.3733	0.0905	0.0486	0.4876
167.00	0.3697	0.0896	0.0482	0.4924
168.00	0.3662	0.0887	0.0479	0.4972
169.00	0.3627	0.0877	0.0475	0.5020
170.00	0.3593	0.0868	0.0472	0.5068
171.00	0.3559	0.0858	0.0468	0.5114
172.00	0.3526	0.0849	0.0464	0.5161
173.00	0.3494	0.0839	0.0460	0.5207
174.00	0.3462	0.0829	0.0456	0.5253
175.00	0.3431	0.0819	0.0452	0.5298
176.00	0.3400	0.0809	0.0447	0.5343
177.00	0.3370	0.0799	0.0443	0.5388
178.00	0.3340	0.0789	0.0439	0.5432
179.00	0.3311	0.0779	0.0434	0.5476
180.00	0.3283	0.0769	0.0430	0.5519
181.00	0.3255	0.0758	0.0425	0.5562
182.00	0.3228	0.0748	0.0421	0.5604
183.00	0.3201	0.0738	0.0416	0.5646
184.00	0.3174	0.0728	0.0411	0.5687
185.00	0.3148	0.0717	0.0406	0.5728
186.00	0.3123	0.0707	0.0402	0.5768
187.00	0.3098	0.0697	0.0397	0.5808
188.00	0.3074	0.0687	0.0392	0.5848
189.00	0.3050	0.0676	0.0387	0.5887
190.00	0.3027	0.0666	0.0382	0.5925
191.00	0.3004	0.0656	0.0377	0.5963
192.00	0.2981	0.0646	0.0372	0.6000
193.00	0.2959	0.0636	0.0367	0.6037
194.00	0.2938	0.0626	0.0362	0.6074
195.00	0.2917	0.0616	0.0357	0.6110
196.00	0.2896	0.0606	0.0352	0.6145
197.00	0.2876	0.0596	0.0348	0.6180
198.00	0.2856	0.0586	0.0343	0.6215
199.00	0.2837	0.0577	0.0338	0.6249
200.00	0.2818	0.0567	0.0333	0.6283
201.00	0.2799	0.0557	0.0328	0.6316
202.00	0.2781	0.0548	0.0323	0.6348
203.00	0.2763	0.0538	0.0318	0.6380
204.00	0.2746	0.0529	0.0313	0.6412
205.00	0.2729	0.0520	0.0308	0.6443
206.00	0.2712	0.0511	0.0303	0.6473
207.00	0.2696	0.0502	0.0299	0.6503
208.00	0.2680	0.0493	0.0294	0.6533
209.00	0.2665	0.0484	0.0289	0.6562
210.00	0.2649	0.0475	0.0284	0.6591
211.00	0.2634	0.0467	0.0280	0.6619
212.00	0.2620	0.0458	0.0275	0.6647
213.00	0.2606	0.0450	0.0271	0.6674
214.00	0.2592	0.0441	0.0266	0.6701
215.00	0.2578	0.0433	0.0262	0.6727
216.00	0.2565	0.0425	0.0257	0.6753
217.00	0.2552	0.0417	0.0253	0.6779
218.00	0.2539	0.0409	0.0248	0.6804
219.00	0.2526	0.0401	0.0244	0.6828
220.00	0.2514	0.0394	0.0240	0.6853
221.00	0.2502	0.0386	0.0235	0.6876
222.00	0.2491	0.0379	0.0231	0.6900
223.00	0.2479	0.0371	0.0227	0.6923
224.00	0.2468	0.0364	0.0223	0.6945
225.00	0.2457	0.0357	0.0219	0.6967
226.00	0.2447	0.0350	0.0215	0.6989
227.00	0.2436	0.0343	0.0211	0.7010
228.00	0.2426	0.0336	0.0207	0.7031
229.00	0.2416	0.0329	0.0203	0.7052
230.00	0.2406	0.0323	0.0199	0.7072
231.00	0.2397	0.0316	0.0195	0.7091
232.00	0.2388	0.0310	0.0192	0.7111
233.00	0.2379	0.0304	0.0188	0.7130
234.00	0.2370	0.0297	0.0184	0.7148
235.00	0.2361	0.0291	0.0181	0.7167
236.00	0.2353	0.0285	0.0177	0.7185
237.00	0.2344	0.0279	0.0174	0.7202
238.00	0.2336	0.0274	0.0171	0.7219
239.00	0.2329	0.0268	0.0167	0.7236
240.00	0.2321	0.0262	0.0164	0.7253
241.00	0.2313	0.0257	0.0161	0.7269
242.00	0.2306	0.0252	0.0157	0.7285
243.00	0.2299	0.0246	0.0154	0.7301
244.00	0.2292	0.0241	0.0151	0.7316
245.00	0.2285	0.0236	0.0148	0.7331
246.00	0.2278	0.0231	0.0145	0.7345
247.00	0.2272	0.0226	0.0142	0.7360
248.00	0.2265	0.0221	0.0139	0.7374
249.00	0.2259	0.0217	0.0137	0.7388
250.00	0.2253	0.0212	0.0134	0.7401
251.00	0.2247	0.0208	0.0131	0.7414
252.00	0.2241	0.0203	0.0128	0.7427
253.00	0.2235	0.0199	0.0126	0.7440
254.00	0.2230	0.0194	0.0123	0.7453
255.00	0.2224	0.0190	0.0120	0.7465
256.00	0.2219	0.0186	0.0118	0.7477
257.00	0.2214	0.0182	0.0116	0.7488
258.00	0.2209	0.0178	0.0113	0.7500
259.00	0.2204	0.0174	0.0111	0.7511
260.00	0.2199	0.0171	0.0108	0.7522
261.00	0.2194	0.0167	0.0106	0.7533
262.00	0.2190	0.0163	0.0104	0.7543
263.00	0.2185	0.0160	0.0102	0.7553
264.00	0.2181	0.0156	0.0099	0.7563
265.00	0.2177	0.0153	0.0097	0.7573
266.00	0.2173	0.0149	0.0095	0.7583
267.00	0.2168	0.0146	0.0093	0.7592
268.00	0.2164	0.0143	0.0091	0.7602
269.00	0.2161	0.0140	0.0089	0.7611
270.00	0.2157	0.0137	0.0087	0.7619
271.00	0.2153	0.0133	0.0085	0.7628
272.00	0.2149	0.0131	0.0084	0.7637
273.00	0.2146	0.0128	0.0082	0.7645
274.00	0.2142	0.0125	0.0080	0.7653
275.00	0.2139	0.0122	0.0078	0.7661
276.00	0.2136	0.0119	0.0077	0.7669
277.00	0.2132	0.0117	0.0075	0.7676
278.00	0.2129	0.0114	0.0073	0.7684
279.00	0.2126	0.0111	0.0072	0.7691
280.00	0.2123	0.0109	0.0070	0.7698
281.00	0.2120	0.0106	0.0069	0.7705
282.00	0.2117	0.0104	0.0067	0.7712
283.00	0.2115	0.0102	0.0066	0.7718
284.00	0.2112	0.0099	0.0064	0.7725
285.00	0.2109	0.0097	0.0063	0.7731
286.00	0.2107	0.0095	0.0061	0.7737
287.00	0.2104	0.0093	0.0060	0.7743
288.00	0.2101	0.0091	0.0059	0.7749
289.00	0.2099	0.0089	0.0057	0.7755
290.00	0.2097	0.0087	0.0056	0.7761
291.00	0.2094	0.0085	0.0055	0.7766
292.00	0.2092	0.0083	0.0054	0.7772
293.00	0.2090	0.0081	0.0052	0.7777
294.00	0.2088	0.0079	0.0051	0.7782
295.00	0.2086	0.0077	0.0050	0.7787
296.00	0.2084	0.0076	0.0049	0.7792
297.00	0.2082	0.0074	0.0048	0.7797
298.00	0.2080	0.0072	0.0047	0.7802
299.00	0.2078	0.0070	0.0046	0.7806
300.00	0.2076	0.0069	0.0045	0.7811
301.00	0.2074	0.0067	0.0044	0.7815
302.00	0.2072	0.0066	0.0043	0.7819
303.00	0.2070	0.0064	0.0042	0.7824
304.00	0.2069	0.0063	0.0041	0.7828
305.00	0.2067	0.0061	0.0040	0.7832
306.00	0.2065	0.0060	0.0039	0.7836
307.00	0.2064	0.0059	0.0038	0.7840
308.00	0.2062	0.0057	0.0037	0.7843
309.00	0.2061	0.0056	0.0036	0.7847
310.00	0.2059	0.0055	0.0035	0.7851
311.00	0.2058	0.0053	0.0035	0.7854
312.00	0.2056	0.0052	0.0034	0.7858
313.00	0.2055	0.0051	0.0033	0.7861
314.00	0.2054	0.0050	0.0032	0.7864
315.00	0.2052	0.0049	0.0032	0.7867
316.00	0.2051	0.0048	0.0031	0.7870
317.00	0.2050	0.0046	0.0030	0.7874
318.00	0.2049	0.0045	0.0029	0.7877
319.00	0.2047	0.0044	0.0029	0.7879
320.00	0.2046	0.0043	0.0028	0.7882
321.00	0.2045	0.0042	0.0028	0.7885
322.00	0.2044	0.0041	0.0027	0.7888
323.00	0.2043	0.0040	0.0026	0.7890
324.00	0.2042	0.0039	0.0026	0.7893
325.00	0.2041	0.0038	0.0025	0.7896
326.00	0.2040	0.0038	0.0024	0.7898
327.00	0.2039	0.0037	0.0024	0.7900
328.00	0.2038	0.0036	0.0023	0.7903
329.00	0.2037	0.0035	0.0023	0.7905
330.00	0.2036	0.0034	0.0022	0.7907
331.00	0.2035	0.0033	0.0022	0.7910
332.00	0.2034	0.0033	0.0021	0.7912
333.00	0.2033	0.0032	0.0021	0.7914
334.00	0.2033	0.0031	0.0020	0.7916
335.00	0.2032	0.0030	0.0020	0.7918
336.00	0.2031	0.0030	0.0019	0.7920
337.00	0.2030	0.0029	0.0019	0.7922
338.00	0.2029	0.0028	0.0019	0.7924
339.00	0.2029	0.0028	0.0018	0.7926
340.00	0.2028	0.0027	0.0018	0.7927
341.00	0.2027	0.0026	0.0017	0.7929
342.00	0.2027	0.0026	0.0017	0.7931
343.00	0.2026	0.0025	0.0016	0.7932
344.00	0.2025	0.0025	0.0016	0.7934
345.00	0.2025	0.0024	0.0016	0.7936
346.00	0.2024	0.0024	0.0015	0.7937
347.00	0.2023	0.0023	0.0015	0.7939
348.00	0.2023	0.0022	0.0015	0.7940
349.00	0.2022	0.0022	0.0014	0.7942
350.00	0.2022	0.0021	0.0014	0.7943
351.00	0.2021	0.0021	0.0014	0.7944
352.00	0.2020	0.0020	0.0013	0.7946
353.00	0.2020	0.0020	0.0013	0.7947
354.00	0.2019	0.0019	0.0013	0.7948
355.00	0.2019	0.0019	0.0012	0.7950
356.00	0.2018	0.0019	0.0012	0.7951
357.00	0.2018	0.0018	0.0012	0.7952
358.00	0.2017	0.0018	0.0012	0.7953
359.00	0.2017	0.0017	0.0011	0.7954
360.00	0.2017	0.0017	0.0011	0.7956
361.00	0.2016	0.0016	0.0011	0.7957
362.00	0.2016	0.0016	0.0011	0.7958
363.00	0.2015	0.0016	0.0010	0.7959
364.00	0.2015	0.0015	0.0010	0.7960
365.00	0.2014	0.0015	0.0010	0.7961
366.00	0.2014	0.0015	0.0010	0.7962
367.00	0.2014	0.0014	0.0009	0.7963
368.00	0.2013	0.0014	0.0009	0.7964
369.00	0.2013	0.0014	0.0009	0.7965
370.00	0.2013	0.0013	0.0009	0.7965
371.00	0.2012	0.0013	0.0009	0.7966
372.00	0.2012	0.0013	0.0008	0.7967
373.00	0.2012	0.0012	0.0008	0.7968
374.00	0.2011	0.0012	0.0008	0.7969
375.00	0.2011	0.0012	0.0008	0.7970
376.00	0.2011	0.0012	0.0008	0.7970
377.00	0.2010	0.0011	0.0007	0.7971
378.00	0.2010	0.0011	0.0007	0.7972
379.00	0.2010	0.0011	0.0007	0.7972
380.00	0.2009	0.0011	0.0007	0.7973
381.00	0.2009	0.0010	0.0007	0.7974
382.00	0.2009	0.0010	0.0007	0.7975
383.00	0.2009	0.0010	0.0006	0.7975
384.00	0.2008	0.0010	0.0006	0.7976
385.00	0.2008	0.0009	0.0006	0.7976
386.00	0.2008	0.0009	0.0006	0.7977
387.00	0.2008	0.0009	0.0006	0.7978
388.00	0.2007	0.0009	0.0006	0.7978
389.00	0.2007	0.0009	0.0006	0.7979
390.00	0.2007	0.0008	0.0005	0.7979
391.00	0.2007	0.0008	0.0005	0.7980
392.00	0.2007	0.0008	0.0005	0.7980
393.00	0.2006	0.0008	0.0005	0.7981
394.00	0.2006	0.0008	0.0005	0.7981
395.00	0.2006	0.0007	0.0005	0.7982
396.00	0.2006	0.0007	0.0005	0.7982
397.00	0.2006	0.0007	0.0005	0.7983
398.00	0.2005	0.0007	0.0005	0.7983
399.00	0.2005	0.0007	0.0004	0.7984
400.00	0.2005	0.0007	0.0004	0.7984
401.00	0.2005	0.0006	0.0004	0.7985
402.00	0.2005	0.0006	0.0004	0.7985
403.00	0.2005	0.0006	0.0004	0.7985
404.00	0.2004	0.0006	0.0004	0.7986
405.00	0.2004	0.0006	0.0004	0.7986
406.00	0.2004	0.0006	0.0004	0.7987
407.00	0.2004	0.0006	0.0004	0.7987
408.00	0.2004	0.0005	0.0004	0.7987
409.00	0.2004	0.0005	0.0003	0.7988
410.00	0.2003	0.0005	0.0003	0.7988
411.00	0.2003	0.0005	0.0003	0.7988
412.00	0.2003	0.0005	0.0003	0.7989
413.00	0.2003	0.0005	0.0003	0.7989
414.00	0.2003	0.0005	0.0003	0.7989
415.00	0.2003	0.0005	0.0003	0.7990
416.00	0.2003	0.0004	0.0003	0.7990
417.00	0.2003	0.0004	0.0003	0.7990
418.00	0.2002	0.0004	0.0003	0.7990
419.00	0.2002	0.0004	0.0003	0.7991
420.00	0.2002	0.0004	0.0003	0.7991
421.00	0.2002	0.0004	0.0003	0.7991
422.00	0.2002	0.0004	0.0003	0.7992
423.00	0.2002	0.0004	0.0002	0.7992
424.00	0.2002	0.0004	0.0002	0.7992
425.00	0.2002	0.0004	0.0002	0.7992
426.00	0.2002	0.0004	0.0002	0.7992
427.00	0.2002	0.0003	0.0002	0.7993
428.00	0.2001	0.0003	0.0002	0.7993
429.00	0.2001	0.0003	0.0002	0.7993
430.00	0.2001	0.0003	0.0002	0.7993
431.00	0.2001	0.0003	0.0002	0.7994
432.00	0.2001	0.0003	0.0002	0.7994
433.00	0.2001	0.0003	0.0002	0.7994
434.00	0.2001	0.0003	0.0002	0.7994
435.00	0.2001	0.0003	0.0002	0.7994
436.00	0.2001	0.0003	0.0002	0.7995
437.00	0.2001	0.0003	0.0002	0.7995
438.00	0.2001	0.0003	0.0002	0.7995
439.00	0.2001	0.0003	0.0002	0.7995
440.00	0.2001	0.0003	0.0002	0.7995
441.00	0.2001	0.0002	0.0002	0.7995
442.00	0.2000	0.0002	0.0002	0.7996
443.00	0.2000	0.0002	0.0002	0.7996
444.00	0.2000	0.0002	0.0002	0.7996
445.00	0.2000	0.0002	0.0001	0.7996
446.00	0.2000	0.0002	0.0001	0.7996
447.00	0.2000	0.0002	0.0001	0.7996
448.00	0.2000	0.0002	0.0001	0.7996
449.00	0.2000	0.0002	0.0001	0.7997
450.00	0.2000	0.0002	0.0001	0.7997
451.00	0.2000	0.0002	0.0001	0.7997
452.00	0.2000	0.0002	0.0001	0.7997
453.00	0.2000	0.0002	0.0001	0.7997
454.00	0.2000	0.0002	0.0001	0.7997
455.00	0.2000	0.0002	0.0001	0.7997
456.00	0.2000	0.0002	0.0001	0.7997
457.00	0.2000	0.0002	0.0001	0.7998
458.00	0.2000	0.0002	0.0001	0.7998
459.00	0.2000	0.0002	0.0001	0.7998
460.00	0.2000	0.0002	0.0001	0.7998
461.00	0.1999	0.0002	0.0001	0.7998
462.00	0.1999	0.0002	0.0001	0.7998
463.00	0.1999	0.0001	0.0001	0.7998
464.00	0.1999	0.0001	0.0001	0.7998
465.00	0.1999	0.0001	0.0001	0.7998
466.00	0.1999	0.0001	0.0001	0.7998
467.00	0.1999	0.0001	0.0001	0.7999
468.00	0.1999	0.0001	0.0001	0.7999
469.00	0.1999	0.0001	0.0001	0.7999
470.00	0.1999	0.0001	0.0001	0.7999
471.00	0.1999	0.0001	0.0001	0.7999
472.00	0.1999	0.0001	0.0001	0.7999
473.00	0.1999	0.0001	0.0001	0.7999
474.00	0.1999	0.0001	0.0001	0.7999
475.00	0.1999	0.0001	0.0001	0.7999
476.00	0.1999	0.0001	0.0001	0.7999
477.00	0.1999	0.0001	0.0001	0.7999
478.00	0.1999	0.0001	0.0001	0.7999
479.00	0.1999	0.0001	0.0001	0.7999
480.00	0.1999	0.0001	0.0001	0.8000
481.00	0.1999	0.0001	0.0001	0.8000
482.00	0.1999	0.0001	0.0001	0.8000
483.00	0.1999	0.0001	0.0001	0.8000
484.00	0.1999	0.0001	0.0001	0.8000
485.00	0.1999	0.0001	0.0001	0.8000
486.00	0.1999	0.0001	0.0001	0.8000
487.00	0.1999	0.0001	0.0001	0.8000
488.00	0.1999	0.0001	0.0001	0.8000
489.00	0.1999	0.0001	0.0001	0.8000
490.00	0.1999	0.0001	0.0001	0.8000
491.00	0.1999	0.0001	0.0000	0.8000
492.00	0.1999	0.0001	0.0000	0.8000
493.00	0.1999	0.0001	0.0000	0.8000
494.00	0.1999	0.0001	0.0000	0.8000
495.00	0.1999	0.0001	0.0000	0.8000
496.00	0.1999	0.0001	0.0000	0.8000
497.00	0.1998	0.0001	0.0000	0.8000
498.00	0.1998	0.0001	0.0000	0.8000
499.00	0.1998	0.0001	0.0000	0.8001
500.00	0.1998	0.0001	0.0000	0.8001
