t	S	I	R
0.00	0.9900	0.0100	0.0000
1.00	0.9885	0.0105	0.0010
2.00	0.9869	0.0110	0.0021
3.00	0.9852	0.0116	0.0032
4.00	0.9835	0.0121	0.0044
5.00	0.9817	0.0127	0.0056
6.00	0.9798	0.0133	0.0069
7.00	0.9778	0.0139	0.0083
8.00	0.9757	0.0146	0.0097
9.00	0.9735	0.0153	0.0112
10.00	0.9712	0.0160	0.0128
11.00	0.9688	0.0168	0.0144
12.00	0.9663	0.0175	0.0161
13.00	0.9638	0.0183	0.0179
14.00	0.9611	0.0192	0.0198
15.00	0.9582	0.0200	0.0217
16.00	0.9553	0.0209	0.0238
17.00	0.9523	0.0218	0.0259
18.00	0.9491	0.0228	0.0281
19.00	0.9458	0.0238	0.0305
20.00	0.9424	0.0248	0.0329
21.00	0.9388	0.0258	0.0354
22.00	0.9351	0.0269	0.0380
23.00	0.9313	0.0280	0.0408
24.00	0.9273	0.0291	0.0436
25.00	0.9232	0.0302	0.0466
26.00	0.9189	0.0314	0.0496
27.00	0.9145	0.0326	0.0528
28.00	0.9100	0.0338	0.0562
29.00	0.9053	0.0351	0.0596
30.00	0.9005	0.0363	0.0632
31.00	0.8955	0.0376	0.0669
32.00	0.8904	0.0389	0.0707
33.00	0.8851	0.0402	0.0746
34.00	0.8797	0.0416	0.0787
35.00	0.8742	0.0429	0.0829
36.00	0.8685	0.0442	0.0873
37.00	0.8627	0.0456	0.0918
38.00	0.8567	0.0469	0.0964
39.00	0.8506	0.0482	0.1011
40.00	0.8444	0.0496	0.1060
41.00	0.8381	0.0509	0.1110
42.00	0.8316	0.0522	0.1162
43.00	0.8251	0.0535	0.1214
44.00	0.8184	0.0547	0.1268
45.00	0.8117	0.0560	0.1324
46.00	0.8048	0.0572	0.1380
47.00	0.7979	0.0583	0.1438
48.00	0.7909	0.0595	0.1497
49.00	0.7838	0.0605	0.1557
50.00	0.7766	0.0616	0.1618
51.00	0.7694	0.0626	0.1680
52.00	0.7622	0.0635	0.1743
53.00	0.7549	0.0644	0.1807
54.00	0.7476	0.0652	0.1872
55.00	0.7403	0.0660	0.1937
56.00	0.7330	0.0667	0.2003
57.00	0.7256	0.0673	0.2070
58.00	0.7183	0.0679	0.2138
59.00	0.7110	0.0684	0.2206
60.00	0.7037	0.0688	0.2275
61.00	0.6965	0.0692	0.2344
62.00	0.6893	0.0694	0.2413
63.00	0.6821	0.0696	0.2483
64.00	0.6750	0.0698	0.2552
65.00	0.6680	0.0698	0.2622
66.00	0.6610	0.0698	0.2692
67.00	0.6541	0.0697	0.2762
68.00	0.6473	0.0695	0.2831
69.00	0.6406	0.0693	0.2901
70.00	0.6340	0.0690	0.2970
71.00	0.6275	0.0686	0.3039
72.00	0.6211	0.0682	0.3107
73.00	0.6148	0.0677	0.3175
74.00	0.6086	0.0672	0.3243
75.00	0.6025	0.0666	0.3310
76.00	0.5965	0.0659	0.3376
77.00	0.5907	0.0652	0.3441
78.00	0.5850	0.0644	0.3506
79.00	0.5794	0.0636	0.3570
80.00	0.5739	0.0628	0.3634
81.00	0.5686	0.0619	0.3696
82.00	0.5633	0.0609	0.3757
83.00	0.5582	0.0600	0.3818
84.00	0.5533	0.0590	0.3877
85.00	0.5484	0.0580	0.3936
86.00	0.5437	0.0569	0.3993
87.00	0.5391	0.0559	0.4050
88.00	0.5347	0.0548	0.4105
89.00	0.5303	0.0537	0.4160
90.00	0.5261	0.0526	0.4213
91.00	0.5220	0.0515	0.4265
92.00	0.5180	0.0504	0.4316
93.00	0.5142	0.0492	0.4366
94.00	0.5104	0.0481	0.4414
95.00	0.5068	0.0470	0.4462
96.00	0.5033	0.0459	0.4509
97.00	0.4999	0.0447	0.4554
98.00	0.4966	0.0436	0.4598
99.00	0.4934	0.0425	0.4641
100.00	0.4903	0.0414	0.4683
101.00	0.4873	0.0403	0.4724
102.00	0.4843	0.0392	0.4764
103.00	0.4815	0.0382	0.4803
104.00	0.4788	0.0371	0.4841
105.00	0.4762	0.0361	0.4877
106.00	0.4737	0.0351	0.4913
107.00	0.4712	0.0341	0.4947
108.00	0.4688	0.0331	0.4981
109.00	0.4665	0.0321	0.5014
110.00	0.4643	0.0311	0.5045
111.00	0.4622	0.0302	0.5076
112.00	0.4601	0.0293	0.5106
113.00	0.4581	0.0284	0.5135
114.00	0.4562	0.0275	0.5163
115.00	0.4544	0.0266	0.5190
116.00	0.4526	0.0258	0.5216
117.00	0.4509	0.0250	0.5241
118.00	0.4492	0.0242	0.5266
119.00	0.4476	0.0234	0.5290
120.00	0.4461	0.0226	0.5313
121.00	0.4446	0.0219	0.5335
122.00	0.4431	0.0212	0.5357
123.00	0.4417	0.0205	0.5378
124.00	0.4404	0.0198	0.5398
125.00	0.4391	0.0191	0.5417
126.00	0.4379	0.0185	0.5436
127.00	0.4367	0.0179	0.5454
128.00	0.4355	0.0173	0.5472
129.00	0.4344	0.0167	0.5489
130.00	0.4334	0.0161	0.5505
131.00	0.4323	0.0155	0.5521
132.00	0.4313	0.0150	0.5537
133.00	0.4304	0.0145	0.5551
134.00	0.4295	0.0140	0.5566
135.00	0.4286	0.0135	0.5579
136.00	0.4277	0.0130	0.5593
137.00	0.4269	0.0125	0.5605
138.00	0.4261	0.0121	0.5618
139.00	0.4254	0.0117	0.5630
140.00	0.4246	0.0113	0.5641
141.00	0.4239	0.0109	0.5652
142.00	0.4232	0.0105	0.5663
143.00	0.4226	0.0101	0.5673
144.00	0.4220	0.0097	0.5683
145.00	0.4214	0.0094	0.5693
146.00	0.4208	0.0090	0.5702
147.00	0.4202	0.0087	0.5711
148.00	0.4197	0.0084	0.5719
149.00	0.4192	0.0081	0.5728
150.00	0.4187	0.0078	0.5736
151.00	0.4182	0.0075	0.5743
152.00	0.4177	0.0072	0.5751
153.00	0.4173	0.0070	0.5758
154.00	0.4168	0.0067	0.5765
155.00	0.4164	0.0065	0.5771
156.00	0.4160	0.0062	0.5777
157.00	0.4157	0.0060	0.5784
158.00	0.4153	0.0058	0.5789
159.00	0.4149	0.0056	0.5795
160.00	0.4146	0.0053	0.5801
161.00	0.4143	0.0051	0.5806
162.00	0.4139	0.0050	0.5811
163.00	0.4136	0.0048	0.5816
164.00	0.4134	0.0046	0.5821
165.00	0.4131	0.0044	0.5825
166.00	0.4128	0.0043	0.5829
167.00	0.4125	0.0041	0.5834
168.00	0.4123	0.0039	0.5838
169.00	0.4121	0.0038	0.5841
170.00	0.4118	0.0037	0.5845
171.00	0.4116	0.0035	0.5849
172.00	0.4114	0.0034	0.5852
173.00	0.4112	0.0033	0.5856
174.00	0.4110	0.0031	0.5859
175.00	0.4108	0.0030	0.5862
176.00	0.4106	0.0029	0.5865
177.00	0.4104	0.0028	0.5868
178.00	0.4103	0.0027	0.5870
179.00	0.4101	0.0026	0.5873
180.00	0.4100	0.0025	0.5876
181.00	0.4098	0.0024	0.5878
182.00	0.4097	0.0023	0.5880
183.00	0.4095	0.0022	0.5883
184.00	0.4094	0.0021	0.5885
185.00	0.4093	0.0021	0.5887
186.00	0.4091	0.0020	0.5889
187.00	0.4090	0.0019	0.5891
188.00	0.4089	0.0018	0.5893
189.00	0.4088	0.0018	0.5895
190.00	0.4087	0.0017	0.5896
191.00	0.4086	0.0016	0.5898
192.00	0.4085	0.0016	0.5899
193.00	0.4084	0.0015	0.5901
194.00	0.4083	0.0014	0.5903
195.00	0.4082	0.0014	0.5904
196.00	0.4081	0.0013	0.5905
197.00	0.4081	0.0013	0.5907
198.00	0.4080	0.0012	0.5908
199.00	0.4079	0.0012	0.5909
200.00	0.4078	0.0011	0.5910
201.00	0.4078	0.0011	0.5911
202.00	0.4077	0.0011	0.5912
203.00	0.4076	0.0010	0.5914
204.00	0.4076	0.0010	0.5915
205.00	0.4075	0.0009	0.5915
206.00	0.4075	0.0009	0.5916
207.00	0.4074	0.0009	0.5917
208.00	0.4073	0.0008	0.5918
209.00	0.4073	0.0008	0.5919
210.00	0.4072	0.0008	0.5920
211.00	0.4072	0.0007	0.5921
212.00	0.4072	0.0007	0.5921
213.00	0.4071	0.0007	0.5922
214.00	0.4071	0.0007	0.5923
215.00	0.4070	0.0006	0.5923
216.00	0.4070	0.0006	0.5924
217.00	0.4070	0.0006	0.5925
218.00	0.4069	0.0006	0.5925
219.00	0.4069	0.0005	0.5926
220.00	0.4069	0.0005	0.5926
221.00	0.4068	0.0005	0.5927
222.00	0.4068	0.0005	0.5927
223.00	0.4068	0.0005	0.5928
224.00	0.4067	0.0004	0.5928
225.00	0.4067	0.0004	0.5929
226.00	0.4067	0.0004	0.5929
227.00	0.4067	0.0004	0.5929
228.00	0.4066	0.0004	0.5930
229.00	0.4066	0.0004	0.5930
230.00	0.4066	0.0004	0.5931
231.00	0.4066	0.0003	0.5931
232.00	0.4065	0.0003	0.5931
233.00	0.4065	0.0003	0.5932
234.00	0.4065	0.0003	0.5932
235.00	0.4065	0.0003	0.5932
236.00	0.4065	0.0003	0.5932
237.00	0.4065	0.0003	0.5933
238.00	0.4064	0.0003	0.5933
239.00	0.4064	0.0002	0.5933
240.00	0.4064	0.0002	0.5934
241.00	0.4064	0.0002	0.5934
242.00	0.4064	0.0002	0.5934
243.00	0.4064	0.0002	0.5934
244.00	0.4064	0.0002	0.5934
245.00	0.4063	0.0002	0.5935
246.00	0.4063	0.0002	0.5935
247.00	0.4063	0.0002	0.5935
248.00	0.4063	0.0002	0.5935
249.00	0.4063	0.0002	0.5935
250.00	0.4063	0.0002	0.5936
251.00	0.4063	0.0002	0.5936
252.00	0.4063	0.0002	0.5936
253.00	0.4063	0.0001	0.5936
254.00	0.4063	0.0001	0.5936
255.00	0.4062	0.0001	0.5936
256.00	0.4062	0.0001	0.5936
257.00	0.4062	0.0001	0.5937
258.00	0.4062	0.0001	0.5937
259.00	0.4062	0.0001	0.5937
260.00	0.4062	0.0001	0.5937
261.00	0.4062	0.0001	0.5937
262.00	0.4062	0.0001	0.5937
263.00	0.4062	0.0001	0.5937
264.00	0.4062	0.0001	0.5937
265.00	0.4062	0.0001	0.5937
266.00	0.4062	0.0001	0.5937
267.00	0.4062	0.0001	0.5938
268.00	0.4062	0.0001	0.5938
269.00	0.4062	0.0001	0.5938
270.00	0.4061	0.0001	0.5938
271.00	0.4061	0.0001	0.5938
272.00	0.4061	0.0001	0.5938
273.00	0.4061	0.0001	0.5938
274.00	0.4061	0.0001	0.5938
275.00	0.4061	0.0001	0.5938
276.00	0.4061	0.0001	0.5938
277.00	0.4061	0.0001	0.5938
278.00	0.4061	0.0001	0.5938
279.00	0.4061	0.0001	0.5938
280.00	0.4061	0.0001	0.5938
281.00	0.4061	0.0000	0.5938
282.00	0.4061	0.0000	0.5938
283.00	0.4061	0.0000	0.5939
284.00	0.4061	0.0000	0.5939
285.00	0.4061	0.0000	0.5939
286.00	0.4061	0.0000	0.5939
287.00	0.4061	0.0000	0.5939
288.00	0.4061	0.0000	0.5939
289.00	0.4061	0.0000	0.5939
290.00	0.4061	0.0000	0.5939
291.00	0.4061	0.0000	0.5939
292.00	0.4061	0.0000	0.5939
293.00	0.4061	0.0000	0.5939
294.00	0.4061	0.0000	0.5939
295.00	0.4061	0.0000	0.5939
296.00	0.4061	0.0000	0.5939
297.00	0.4061	0.0000	0.5939
298.00	0.4061	0.0000	0.5939
299.00	0.4061	0.0000	0.5939
300.00	0.4061	0.0000	0.5939
