t	S	I	R
0.00	0.9900	0.0100	0.0000
1.00	0.9880	0.0110	0.0010
2.00	0.9858	0.0120	0.0022
3.00	0.9834	0.0132	0.0034
4.00	0.9808	0.0144	0.0048
5.00	0.9780	0.0158	0.0062
6.00	0.9749	0.0173	0.0079
7.00	0.9715	0.0189	0.0096
8.00	0.9678	0.0207	0.0115
9.00	0.9638	0.0225	0.0136
10.00	0.9595	0.0246	0.0159
11.00	0.9548	0.0268	0.0184
12.00	0.9498	0.0292	0.0211
13.00	0.9443	0.0318	0.0240
14.00	0.9384	0.0345	0.0271
15.00	0.9320	0.0374	0.0306
16.00	0.9251	0.0406	0.0343
17.00	0.9178	0.0439	0.0383
18.00	0.9099	0.0475	0.0427
19.00	0.9014	0.0512	0.0474
20.00	0.8924	0.0551	0.0524
21.00	0.8829	0.0593	0.0578
22.00	0.8727	0.0636	0.0637
23.00	0.8620	0.0681	0.0699
24.00	0.8507	0.0728	0.0765
25.00	0.8388	0.0776	0.0836
26.00	0.8263	0.0825	0.0912
27.00	0.8133	0.0875	0.0992
28.00	0.7998	0.0926	0.1076
29.00	0.7858	0.0977	0.1166
30.00	0.7713	0.1027	0.1260
31.00	0.7564	0.1078	0.1358
32.00	0.7412	0.1127	0.1461
33.00	0.7257	0.1175	0.1568
34.00	0.7099	0.1221	0.1680
35.00	0.6939	0.1266	0.1795
36.00	0.6778	0.1307	0.1915
37.00	0.6617	0.1346	0.2037
38.00	0.6456	0.1381	0.2163
39.00	0.6296	0.1412	0.2291
40.00	0.6138	0.1440	0.2422
41.00	0.5981	0.1464	0.2555
42.00	0.5827	0.1483	0.2689
43.00	0.5677	0.1499	0.2824
44.00	0.5530	0.1509	0.2960
45.00	0.5387	0.1516	0.3097
46.00	0.5249	0.1518	0.3232
47.00	0.5116	0.1516	0.3368
48.00	0.4987	0.1511	0.3502
49.00	0.4864	0.1501	0.3635
50.00	0.4746	0.1488	0.3766
51.00	0.4634	0.1471	0.3895
52.00	0.4527	0.1452	0.4021
53.00	0.4425	0.1430	0.4145
54.00	0.4329	0.1405	0.4266
55.00	0.4238	0.1378	0.4384
56.00	0.4152	0.1350	0.4498
57.00	0.4072	0.1319	0.4609
58.00	0.3996	0.1288	0.4716
59.00	0.3925	0.1255	0.4820
60.00	0.3859	0.1221	0.4920
61.00	0.3798	0.1187	0.5015
62.00	0.3740	0.1152	0.5107
63.00	0.3687	0.1118	0.5195
64.00	0.3638	0.1083	0.5279
65.00	0.3593	0.1048	0.5359
66.00	0.3551	0.1013	0.5435
67.00	0.3513	0.0979	0.5508
68.00	0.3478	0.0945	0.5577
69.00	0.3446	0.0912	0.5642
70.00	0.3418	0.0879	0.5703
71.00	0.3392	0.0847	0.5761
72.00	0.3368	0.0816	0.5815
73.00	0.3348	0.0786	0.5866
74.00	0.3329	0.0756	0.5914
75.00	0.3313	0.0728	0.5959
76.00	0.3300	0.0700	0.6000
77.00	0.3288	0.0673	0.6039
78.00	0.3278	0.0647	0.6075
79.00	0.3270	0.0622	0.6108
80.00	0.3264	0.0598	0.6139
81.00	0.3259	0.0574	0.6167
82.00	0.3256	0.0552	0.6192
83.00	0.3255	0.0530	0.6215
84.00	0.3254	0.0509	0.6236
85.00	0.3255	0.0489	0.6255
86.00	0.3258	0.0470	0.6272
87.00	0.3261	0.0452	0.6287
88.00	0.3266	0.0434	0.6300
89.00	0.3272	0.0417	0.6311
90.00	0.3279	0.0401	0.6320
91.00	0.3286	0.0386	0.6328
92.00	0.3295	0.0371	0.6334
93.00	0.3305	0.0357	0.6339
94.00	0.3315	0.0343	0.6342
95.00	0.3326	0.0330	0.6344
96.00	0.3338	0.0318	0.6345
97.00	0.3350	0.0306	0.6344
98.00	0.3363	0.0294	0.6343
99.00	0.3377	0.0283	0.6340
100.00	0.3391	0.0273	0.6336
101.00	0.3406	0.0263	0.6331
102.00	0.3421	0.0254	0.6326
103.00	0.3437	0.0244	0.6319
104.00	0.3453	0.0236	0.6311
105.00	0.3470	0.0227	0.6303
106.00	0.3487	0.0219	0.6294
107.00	0.3504	0.0212	0.6284
108.00	0.3522	0.0205	0.6274
109.00	0.3540	0.0198	0.6262
110.00	0.3558	0.0191	0.6251
111.00	0.3577	0.0185	0.6238
112.00	0.3596	0.0179	0.6225
113.00	0.3615	0.0173	0.6212
114.00	0.3635	0.0167	0.6198
115.00	0.3655	0.0162	0.6183
116.00	0.3675	0.0157	0.6168
117.00	0.3695	0.0152	0.6153
118.00	0.3715	0.0148	0.6137
119.00	0.3736	0.0143	0.6121
120.00	0.3756	0.0139	0.6105
121.00	0.3777	0.0135	0.6088
122.00	0.3798	0.0131	0.6071
123.00	0.3819	0.0127	0.6053
124.00	0.3841	0.0124	0.6036
125.00	0.3862	0.0120	0.6018
126.00	0.3883	0.0117	0.6000
127.00	0.3905	0.0114	0.5981
128.00	0.3927	0.0111	0.5963
129.00	0.3948	0.0108	0.5944
130.00	0.3970	0.0105	0.5925
131.00	0.3992	0.0102	0.5906
132.00	0.4014	0.0100	0.5886
133.00	0.4036	0.0098	0.5867
134.00	0.4058	0.0095	0.5847
135.00	0.4080	0.0093	0.5827
136.00	0.4102	0.0091	0.5807
137.00	0.4124	0.0089	0.5787
138.00	0.4146	0.0087	0.5767
139.00	0.4168	0.0085	0.5747
140.00	0.4190	0.0083	0.5727
141.00	0.4212	0.0081	0.5706
142.00	0.4234	0.0080	0.5686
143.00	0.4256	0.0078	0.5666
144.00	0.4278	0.0077	0.5645
145.00	0.4300	0.0075	0.5624
146.00	0.4322	0.0074	0.5604
147.00	0.4344	0.0072	0.5583
148.00	0.4366	0.0071	0.5562
149.00	0.4388	0.0070	0.5542
150.00	0.4410	0.0069	0.5521
151.00	0.4432	0.0068	0.5500
152.00	0.4454	0.0067	0.5480
153.00	0.4476	0.0065	0.5459
154.00	0.4497	0.0064	0.5438
155.00	0.4519	0.0064	0.5417
156.00	0.4541	0.0063	0.5397
157.00	0.4562	0.0062	0.5376
158.00	0.4584	0.0061	0.5355
159.00	0.4605	0.0060	0.5335
160.00	0.4627	0.0059	0.5314
161.00	0.4648	0.0059	0.5293
162.00	0.4669	0.0058	0.5273
163.00	0.4691	0.0057	0.5252
164.00	0.4712	0.0057	0.5232
165.00	0.4733	0.0056	0.5211
166.00	0.4754	0.0055	0.5191
167.00	0.4775	0.0055	0.5170
168.00	0.4796	0.0054	0.5150
169.00	0.4816	0.0054	0.5130
170.00	0.4837	0.0054	0.5109
171.00	0.4858	0.0053	0.5089
172.00	0.4878	0.0053	0.5069
173.00	0.4899	0.0052	0.5049
174.00	0.4919	0.0052	0.5029
175.00	0.4939	0.0052	0.5009
176.00	0.4959	0.0051	0.4989
177.00	0.4979	0.0051	0.4970
178.00	0.4999	0.0051	0.4950
179.00	0.5019	0.0050	0.4930
180.00	0.5039	0.0050	0.4911
181.00	0.5059	0.0050	0.4891
182.00	0.5078	0.0050	0.4872
183.00	0.5098	0.0050	0.4852
184.00	0.5117	0.0050	0.4833
185.00	0.5137	0.0049	0.4814
186.00	0.5156	0.0049	0.4795
187.00	0.5175	0.0049	0.4776
188.00	0.5194	0.0049	0.4757
189.00	0.5213	0.0049	0.4738
190.00	0.5231	0.0049	0.4719
191.00	0.5250	0.0049	0.4701
192.00	0.5269	0.0049	0.4682
193.00	0.5287	0.0049	0.4664
194.00	0.5305	0.0049	0.4645
195.00	0.5324	0.0049	0.4627
196.00	0.5342	0.0049	0.4609
197.00	0.5360	0.0049	0.4591
198.00	0.5377	0.0050	0.4573
199.00	0.5395	0.0050	0.4555
200.00	0.5413	0.0050	0.4537
201.00	0.5430	0.0050	0.4520
202.00	0.5448	0.0050	0.4502
203.00	0.5465	0.0050	0.4485
204.00	0.5482	0.0051	0.4467
205.00	0.5499	0.0051	0.4450
206.00	0.5516	0.0051	0.4433
207.00	0.5533	0.0051	0.4416
208.00	0.5549	0.0052	0.4399
209.00	0.5566	0.0052	0.4382
210.00	0.5582	0.0052	0.4366
211.00	0.5598	0.0053	0.4349
212.00	0.5614	0.0053	0.4333
213.00	0.5630	0.0054	0.4316
214.00	0.5646	0.0054	0.4300
215.00	0.5661	0.0054	0.4284
216.00	0.5677	0.0055	0.4268
217.00	0.5692	0.0055	0.4253
218.00	0.5707	0.0056	0.4237
219.00	0.5722	0.0056	0.4221
220.00	0.5737	0.0057	0.4206
221.00	0.5752	0.0057	0.4191
222.00	0.5767	0.0058	0.4175
223.00	0.5781	0.0059	0.4160
224.00	0.5795	0.0059	0.4146
225.00	0.5809	0.0060	0.4131
226.00	0.5823	0.0061	0.4116
227.00	0.5837	0.0061	0.4102
228.00	0.5851	0.0062	0.4087
229.00	0.5864	0.0063	0.4073
230.00	0.5877	0.0064	0.4059
231.00	0.5890	0.0064	0.4045
232.00	0.5903	0.0065	0.4032
233.00	0.5916	0.0066	0.4018
234.00	0.5928	0.0067	0.4005
235.00	0.5941	0.0068	0.3991
236.00	0.5953	0.0069	0.3978
237.00	0.5965	0.0070	0.3965
238.00	0.5977	0.0071	0.3953
239.00	0.5988	0.0072	0.3940
240.00	0.6000	0.0073	0.3928
241.00	0.6011	0.0074	0.3915
242.00	0.6022	0.0075	0.3903
243.00	0.6032	0.0076	0.3891
244.00	0.6043	0.0078	0.3880
245.00	0.6053	0.0079	0.3868
246.00	0.6063	0.0080	0.3857
247.00	0.6073	0.0081	0.3845
248.00	0.6083	0.0083	0.3834
249.00	0.6092	0.0084	0.3824
250.00	0.6101	0.0086	0.3813
251.00	0.6110	0.0087	0.3803
252.00	0.6119	0.0089	0.3792
253.00	0.6127	0.0090	0.3782
254.00	0.6136	0.0092	0.3773
255.00	0.6144	0.0093	0.3763
256.00	0.6151	0.0095	0.3754
257.00	0.6159	0.0097	0.3744
258.00	0.6166	0.0099	0.3736
259.00	0.6173	0.0100	0.3727
260.00	0.6179	0.0102	0.3718
261.00	0.6186	0.0104	0.3710
262.00	0.6192	0.0106	0.3702
263.00	0.6198	0.0108	0.3694
264.00	0.6203	0.0110	0.3687
265.00	0.6208	0.0112	0.3679
266.00	0.6213	0.0115	0.3672
267.00	0.6218	0.0117	0.3666
268.00	0.6222	0.0119	0.3659
269.00	0.6226	0.0121	0.3653
270.00	0.6229	0.0124	0.3647
271.00	0.6233	0.0126	0.3641
272.00	0.6236	0.0129	0.3636
273.00	0.6238	0.0131	0.3630
274.00	0.6240	0.0134	0.3626
275.00	0.6242	0.0137	0.3621
276.00	0.6244	0.0139	0.3617
277.00	0.6245	0.0142	0.3613
278.00	0.6246	0.0145	0.3609
279.00	0.6246	0.0148	0.3606
280.00	0.6246	0.0151	0.3603
281.00	0.6246	0.0154	0.3600
282.00	0.6246	0.0157	0.3597
283.00	0.6245	0.0160	0.3595
284.00	0.6243	0.0163	0.3593
285.00	0.6241	0.0167	0.3592
286.00	0.6239	0.0170	0.3591
287.00	0.6237	0.0173	0.3590
288.00	0.6234	0.0177	0.3590
289.00	0.6230	0.0180	0.3589
290.00	0.6226	0.0184	0.3590
291.00	0.6222	0.0188	0.3590
292.00	0.6217	0.0191	0.3591
293.00	0.6212	0.0195	0.3593
294.00	0.6207	0.0199	0.3594
295.00	0.6201	0.0203	0.3596
296.00	0.6195	0.0207	0.3599
297.00	0.6188	0.0210	0.3602
298.00	0.6181	0.0214	0.3605
299.00	0.6173	0.0218	0.3608
300.00	0.6165	0.0222	0.3612
301.00	0.6157	0.0227	0.3617
302.00	0.6148	0.0231	0.3622
303.00	0.6138	0.0235	0.3627
304.00	0.6129	0.0239	0.3632
305.00	0.6119	0.0243	0.3638
306.00	0.6108	0.0247	0.3644
307.00	0.6097	0.0252	0.3651
308.00	0.6086	0.0256	0.3658
309.00	0.6074	0.0260	0.3666
310.00	0.6062	0.0265	0.3674
311.00	0.6049	0.0269	0.3682
312.00	0.6036	0.0273	0.3690
313.00	0.6023	0.0277	0.3700
314.00	0.6009	0.0282	0.3709
315.00	0.5995	0.0286	0.3719
316.00	0.5981	0.0290	0.3729
317.00	0.5966	0.0294	0.3739
318.00	0.5951	0.0299	0.3750
319.00	0.5935	0.0303	0.3762
320.00	0.5920	0.0307	0.3773
321.00	0.5904	0.0311	0.3785
322.00	0.5887	0.0315	0.3798
323.00	0.5871	0.0319	0.3810
324.00	0.5854	0.0323	0.3823
325.00	0.5836	0.0327	0.3837
326.00	0.5819	0.0331	0.3850
327.00	0.5801	0.0334	0.3864
328.00	0.5783	0.0338	0.3879
329.00	0.5765	0.0342	0.3893
330.00	0.5747	0.0345	0.3908
331.00	0.5728	0.0349	0.3923
332.00	0.5710	0.0352	0.3938
333.00	0.5691	0.0355	0.3954
334.00	0.5672	0.0358	0.3970
335.00	0.5653	0.0361	0.3986
336.00	0.5634	0.0364	0.4002
337.00	0.5615	0.0367	0.4019
338.00	0.5595	0.0369	0.4035
339.00	0.5576	0.0372	0.4052
340.00	0.5557	0.0374	0.4069
341.00	0.5537	0.0376	0.4086
342.00	0.5518	0.0379	0.4103
343.00	0.5499	0.0380	0.4121
344.00	0.5479	0.0382	0.4138
345.00	0.5460	0.0384	0.4156
346.00	0.5441	0.0386	0.4174
347.00	0.5422	0.0387	0.4191
348.00	0.5403	0.0388	0.4209
349.00	0.5384	0.0389	0.4227
350.00	0.5365	0.0390	0.4245
351.00	0.5346	0.0391	0.4262
352.00	0.5328	0.0392	0.4280
353.00	0.5310	0.0392	0.4298
354.00	0.5291	0.0393	0.4316
355.00	0.5274	0.0393	0.4333
356.00	0.5256	0.0393	0.4351
357.00	0.5238	0.0393	0.4369
358.00	0.5221	0.0393	0.4386
359.00	0.5204	0.0393	0.4403
360.00	0.5187	0.0392	0.4420
361.00	0.5171	0.0392	0.4438
362.00	0.5154	0.0391	0.4454
363.00	0.5138	0.0390	0.4471
364.00	0.5123	0.0389	0.4488
365.00	0.5107	0.0388	0.4504
366.00	0.5092	0.0387	0.4520
367.00	0.5078	0.0386	0.4536
368.00	0.5063	0.0384	0.4552
369.00	0.5049	0.0383	0.4568
370.00	0.5035	0.0381	0.4583
371.00	0.5022	0.0380	0.4598
372.00	0.5009	0.0378	0.4613
373.00	0.4996	0.0376	0.4628
374.00	0.4984	0.0374	0.4642
375.00	0.4972	0.0372	0.4656
376.00	0.4960	0.0370	0.4670
377.00	0.4949	0.0368	0.4684
378.00	0.4938	0.0366	0.4697
379.00	0.4927	0.0363	0.4710
380.00	0.4917	0.0361	0.4722
381.00	0.4907	0.0358	0.4735
382.00	0.4897	0.0356	0.4747
383.00	0.4888	0.0353	0.4759
384.00	0.4879	0.0351	0.4770
385.00	0.4871	0.0348	0.4781
386.00	0.4863	0.0346	0.4792
387.00	0.4855	0.0343	0.4802
388.00	0.4847	0.0340	0.4812
389.00	0.4840	0.0337	0.4822
390.00	0.4834	0.0335	0.4832
391.00	0.4827	0.0332	0.4841
392.00	0.4821	0.0329	0.4850
393.00	0.4816	0.0326	0.4858
394.00	0.4810	0.0323	0.4866
395.00	0.4805	0.0321	0.4874
396.00	0.4801	0.0318	0.4882
397.00	0.4796	0.0315	0.4889
398.00	0.4792	0.0312	0.4896
399.00	0.4788	0.0309	0.4902
400.00	0.4785	0.0306	0.4909
401.00	0.4782	0.0303	0.4915
402.00	0.4779	0.0301	0.4920
403.00	0.4777	0.0298	0.4926
404.00	0.4774	0.0295	0.4931
405.00	0.4773	0.0292	0.4935
406.00	0.4771	0.0289	0.4940
407.00	0.4770	0.0287	0.4944
408.00	0.4768	0.0284	0.4948
409.00	0.4768	0.0281	0.4951
410.00	0.4767	0.0278	0.4954
411.00	0.4767	0.0276	0.4957
412.00	0.4767	0.0273	0.4960
413.00	0.4767	0.0270	0.4962
414.00	0.4768	0.0268	0.4965
415.00	0.4768	0.0265	0.4966
416.00	0.4769	0.0263	0.4968
417.00	0.4771	0.0260	0.4969
418.00	0.4772	0.0258	0.4970
419.00	0.4774	0.0255	0.4971
420.00	0.4775	0.0253	0.4972
421.00	0.4777	0.0251	0.4972
422.00	0.4780	0.0248	0.4972
423.00	0.4782	0.0246	0.4972
424.00	0.4785	0.0244	0.4972
425.00	0.4788	0.0241	0.4971
426.00	0.4791	0.0239	0.4970
427.00	0.4794	0.0237	0.4969
428.00	0.4797	0.0235	0.4968
429.00	0.4801	0.0233	0.4966
430.00	0.4805	0.0231	0.4965
431.00	0.4809	0.0229	0.4963
432.00	0.4813	0.0227	0.4961
433.00	0.4817	0.0225	0.4959
434.00	0.4821	0.0223	0.4956
435.00	0.4826	0.0221	0.4954
436.00	0.4830	0.0219	0.4951
437.00	0.4835	0.0217	0.4948
438.00	0.4840	0.0215	0.4945
439.00	0.4845	0.0214	0.4942
440.00	0.4850	0.0212	0.4938
441.00	0.4855	0.0210	0.4935
442.00	0.4861	0.0209	0.4931
443.00	0.4866	0.0207	0.4927
444.00	0.4872	0.0205	0.4923
445.00	0.4877	0.0204	0.4919
446.00	0.4883	0.0202	0.4915
447.00	0.4889	0.0201	0.4910
448.00	0.4895	0.0199	0.4906
449.00	0.4901	0.0198	0.4901
450.00	0.4907	0.0197	0.4896
451.00	0.4913	0.0195	0.4891
452.00	0.4920	0.0194	0.4886
453.00	0.4926	0.0193	0.4881
454.00	0.4932	0.0191	0.4876
455.00	0.4939	0.0190	0.4871
456.00	0.4945	0.0189	0.4865
457.00	0.4952	0.0188	0.4860
458.00	0.4959	0.0187	0.4854
459.00	0.4965	0.0186	0.4849
460.00	0.4972	0.0185	0.4843
461.00	0.4979	0.0184	0.4837
462.00	0.4986	0.0183	0.4832
463.00	0.4993	0.0182	0.4826
464.00	0.5000	0.0181	0.4820
465.00	0.5006	0.0180	0.4814
466.00	0.5013	0.0179	0.4807
467.00	0.5020	0.0178	0.4801
468.00	0.5027	0.0177	0.4795
469.00	0.5034	0.0177	0.4789
470.00	0.5041	0.0176	0.4783
471.00	0.5049	0.0175	0.4776
472.00	0.5056	0.0175	0.4770
473.00	0.5063	0.0174	0.4763
474.00	0.5070	0.0173	0.4757
475.00	0.5077	0.0173	0.4751
476.00	0.5084	0.0172	0.4744
477.00	0.5091	0.0171	0.4738
478.00	0.5098	0.0171	0.4731
479.00	0.5105	0.0170	0.4724
480.00	0.5112	0.0170	0.4718
481.00	0.5119	0.0169	0.4711
482.00	0.5126	0.0169	0.4705
483.00	0.5133	0.0169	0.4698
484.00	0.5140	0.0168	0.4691
485.00	0.5147	0.0168	0.4685
486.00	0.5154	0.0168	0.4678
487.00	0.5161	0.0167	0.4671
488.00	0.5168	0.0167	0.4665
489.00	0.5175	0.0167	0.4658
490.00	0.5182	0.0166	0.4652
491.00	0.5189	0.0166	0.4645
492.00	0.5196	0.0166	0.4638
493.00	0.5202	0.0166	0.4632
494.00	0.5209	0.0166	0.4625
495.00	0.5216	0.0166	0.4619
496.00	0.5222	0.0166	0.4612
497.00	0.5229	0.0165	0.4606
498.00	0.5235	0.0165	0.4599
499.00	0.5242	0.0165	0.4593
500.00	0.5248	0.0165	0.4586
501.00	0.5255	0.0165	0.4580
502.00	0.5261	0.0165	0.4574
503.00	0.5267	0.0165	0.4567
504.00	0.5273	0.0165	0.4561
505.00	0.5280	0.0166	0.4555
506.00	0.5286	0.0166	0.4549
507.00	0.5292	0.0166	0.4542
508.00	0.5298	0.0166	0.4536
509.00	0.5304	0.0166	0.4530
510.00	0.5309	0.0166	0.4524
511.00	0.5315	0.0166	0.4518
512.00	0.5321	0.0167	0.4512
513.00	0.5327	0.0167	0.4506
514.00	0.5332	0.0167	0.4501
515.00	0.5338	0.0168	0.4495
516.00	0.5343	0.0168	0.4489
517.00	0.5348	0.0168	0.4484
518.00	0.5354	0.0168	0.4478
519.00	0.5359	0.0169	0.4472
520.00	0.5364	0.0169	0.4467
521.00	0.5369	0.0170	0.4462
522.00	0.5374	0.0170	0.4456
523.00	0.5378	0.0170	0.4451
524.00	0.5383	0.0171	0.4446
525.00	0.5388	0.0171	0.4441
526.00	0.5392	0.0172	0.4436
527.00	0.5397	0.0172	0.4431
528.00	0.5401	0.0173	0.4426
529.00	0.5406	0.0173	0.4421
530.00	0.5410	0.0174	0.4416
531.00	0.5414	0.0174	0.4412
532.00	0.5418	0.0175	0.4407
533.00	0.5422	0.0176	0.4403
534.00	0.5425	0.0176	0.4398
535.00	0.5429	0.0177	0.4394
536.00	0.5433	0.0178	0.4390
537.00	0.5436	0.0178	0.4386
538.00	0.5440	0.0179	0.4381
539.00	0.5443	0.0180	0.4377
540.00	0.5446	0.0180	0.4374
541.00	0.5449	0.0181	0.4370
542.00	0.5452	0.0182	0.4366
543.00	0.5455	0.0182	0.4362
544.00	0.5458	0.0183	0.4359
545.00	0.5461	0.0184	0.4355
546.00	0.5463	0.0185	0.4352
547.00	0.5466	0.0186	0.4349
548.00	0.5468	0.0186	0.4346
549.00	0.5470	0.0187	0.4343
550.00	0.5472	0.0188	0.4340
551.00	0.5474	0.0189	0.4337
552.00	0.5476	0.0190	0.4334
553.00	0.5478	0.0191	0.4331
554.00	0.5480	0.0191	0.4329
555.00	0.5481	0.0192	0.4326
556.00	0.5483	0.0193	0.4324
557.00	0.5484	0.0194	0.4322
558.00	0.5485	0.0195	0.4320
559.00	0.5486	0.0196	0.4318
560.00	0.5487	0.0197	0.4316
561.00	0.5488	0.0198	0.4314
562.00	0.5489	0.0199	0.4312
563.00	0.5490	0.0200	0.4310
564.00	0.5490	0.0201	0.4309
565.00	0.5491	0.0202	0.4307
566.00	0.5491	0.0203	0.4306
567.00	0.5492	0.0204	0.4305
568.00	0.5492	0.0205	0.4304
569.00	0.5492	0.0206	0.4303
570.00	0.5492	0.0207	0.4302
571.00	0.5491	0.0208	0.4301
572.00	0.5491	0.0209	0.4300
573.00	0.5491	0.0210	0.4300
574.00	0.5490	0.0211	0.4299
575.00	0.5490	0.0212	0.4299
576.00	0.5489	0.0213	0.4299
577.00	0.5488	0.0214	0.4298
578.00	0.5487	0.0215	0.4298
579.00	0.5486	0.0216	0.4298
580.00	0.5485	0.0217	0.4298
581.00	0.5484	0.0218	0.4299
582.00	0.5482	0.0219	0.4299
583.00	0.5481	0.0220	0.4299
584.00	0.5479	0.0221	0.4300
585.00	0.5478	0.0222	0.4301
586.00	0.5476	0.0223	0.4301
587.00	0.5474	0.0224	0.4302
588.00	0.5472	0.0225	0.4303
589.00	0.5470	0.0226	0.4304
590.00	0.5468	0.0227	0.4305
591.00	0.5466	0.0228	0.4306
592.00	0.5464	0.0229	0.4308
593.00	0.5461	0.0230	0.4309
594.00	0.5459	0.0231	0.4310
595.00	0.5456	0.0232	0.4312
596.00	0.5454	0.0233	0.4314
597.00	0.5451	0.0234	0.4315
598.00	0.5448	0.0234	0.4317
599.00	0.5446	0.0235	0.4319
600.00	0.5443	0.0236	0.4321
601.00	0.5440	0.0237	0.4323
602.00	0.5437	0.0238	0.4325
603.00	0.5434	0.0239	0.4327
604.00	0.5430	0.0240	0.4330
605.00	0.5427	0.0241	0.4332
606.00	0.5424	0.0242	0.4334
607.00	0.5421	0.0242	0.4337
608.00	0.5417	0.0243	0.4340
609.00	0.5414	0.0244	0.4342
610.00	0.5410	0.0245	0.4345
611.00	0.5407	0.0246	0.4348
612.00	0.5403	0.0246	0.4351
613.00	0.5399	0.0247	0.4354
614.00	0.5396	0.0248	0.4356
615.00	0.5392	0.0249	0.4360
616.00	0.5388	0.0249	0.4363
617.00	0.5384	0.0250	0.4366
618.00	0.5381	0.0251	0.4369
619.00	0.5377	0.0251	0.4372
620.00	0.5373	0.0252	0.4375
621.00	0.5369	0.0252	0.4379
622.00	0.5365	0.0253	0.4382
623.00	0.5361	0.0254	0.4386
624.00	0.5357	0.0254	0.4389
625.00	0.5353	0.0255	0.4392
626.00	0.5349	0.0255	0.4396
627.00	0.5345	0.0256	0.4400
628.00	0.5341	0.0256	0.4403
629.00	0.5337	0.0257	0.4407
630.00	0.5332	0.0257	0.4410
631.00	0.5328	0.0258	0.4414
632.00	0.5324	0.0258	0.4418
633.00	0.5320	0.0258	0.4421
634.00	0.5316	0.0259	0.4425
635.00	0.5312	0.0259	0.4429
636.00	0.5308	0.0259	0.4433
637.00	0.5304	0.0260	0.4436
638.00	0.5300	0.0260	0.4440
639.00	0.5296	0.0260	0.4444
640.00	0.5292	0.0260	0.4448
641.00	0.5288	0.0261	0.4452
642.00	0.5284	0.0261	0.4455
643.00	0.5280	0.0261	0.4459
644.00	0.5276	0.0261	0.4463
645.00	0.5272	0.0261	0.4467
646.00	0.5268	0.0261	0.4471
647.00	0.5264	0.0261	0.4474
648.00	0.5260	0.0261	0.4478
649.00	0.5257	0.0261	0.4482
650.00	0.5253	0.0261	0.4486
651.00	0.5249	0.0261	0.4489
652.00	0.5246	0.0261	0.4493
653.00	0.5242	0.0261	0.4497
654.00	0.5238	0.0261	0.4500
655.00	0.5235	0.0261	0.4504
656.00	0.5231	0.0261	0.4508
657.00	0.5228	0.0261	0.4511
658.00	0.5224	0.0261	0.4515
659.00	0.5221	0.0261	0.4518
660.00	0.5218	0.0261	0.4522
661.00	0.5214	0.0261	0.4525
662.00	0.5211	0.0260	0.4529
663.00	0.5208	0.0260	0.4532
664.00	0.5205	0.0260	0.4535
665.00	0.5202	0.0260	0.4539
666.00	0.5199	0.0259	0.4542
667.00	0.5196	0.0259	0.4545
668.00	0.5193	0.0259	0.4548
669.00	0.5190	0.0259	0.4551
670.00	0.5187	0.0258	0.4554
671.00	0.5185	0.0258	0.4557
672.00	0.5182	0.0258	0.4560
673.00	0.5180	0.0257	0.4563
674.00	0.5177	0.0257	0.4566
675.00	0.5175	0.0256	0.4569
676.00	0.5172	0.0256	0.4572
677.00	0.5170	0.0256	0.4574
678.00	0.5168	0.0255	0.4577
679.00	0.5165	0.0255	0.4580
680.00	0.5163	0.0254	0.4582
681.00	0.5161	0.0254	0.4585
682.00	0.5159	0.0253	0.4587
683.00	0.5157	0.0253	0.4590
684.00	0.5155	0.0253	0.4592
685.00	0.5154	0.0252	0.4594
686.00	0.5152	0.0252	0.4596
687.00	0.5150	0.0251	0.4599
688.00	0.5149	0.0251	0.4601
689.00	0.5147	0.0250	0.4603
690.00	0.5146	0.0250	0.4605
691.00	0.5144	0.0249	0.4607
692.00	0.5143	0.0248	0.4608
693.00	0.5142	0.0248	0.4610
694.00	0.5141	0.0247	0.4612
695.00	0.5140	0.0247	0.4614
696.00	0.5138	0.0246	0.4615
697.00	0.5138	0.0246	0.4617
698.00	0.5137	0.0245	0.4618
699.00	0.5136	0.0245	0.4620
700.00	0.5135	0.0244	0.4621
701.00	0.5134	0.0244	0.4622
702.00	0.5134	0.0243	0.4623
703.00	0.5133	0.0242	0.4625
704.00	0.5133	0.0242	0.4626
705.00	0.5132	0.0241	0.4627
706.00	0.5132	0.0241	0.4628
707.00	0.5131	0.0240	0.4629
708.00	0.5131	0.0240	0.4629
709.00	0.5131	0.0239	0.4630
710.00	0.5131	0.0238	0.4631
711.00	0.5131	0.0238	0.4632
712.00	0.5131	0.0237	0.4632
713.00	0.5131	0.0237	0.4633
714.00	0.5131	0.0236	0.4633
715.00	0.5131	0.0236	0.4634
716.00	0.5131	0.0235	0.4634
717.00	0.5131	0.0234	0.4634
718.00	0.5132	0.0234	0.4635
719.00	0.5132	0.0233	0.4635
720.00	0.5132	0.0233	0.4635
721.00	0.5133	0.0232	0.4635
722.00	0.5133	0.0232	0.4635
723.00	0.5134	0.0231	0.4635
724.00	0.5134	0.0231	0.4635
725.00	0.5135	0.0230	0.4635
726.00	0.5136	0.0230	0.4635
727.00	0.5137	0.0229	0.4634
728.00	0.5137	0.0229	0.4634
729.00	0.5138	0.0228	0.4634
730.00	0.5139	0.0228	0.4633
731.00	0.5140	0.0227	0.4633
732.00	0.5141	0.0227	0.4632
733.00	0.5142	0.0226	0.4632
734.00	0.5143	0.0226	0.4631
735.00	0.5144	0.0225	0.4631
736.00	0.5145	0.0225	0.4630
737.00	0.5147	0.0224	0.4629
738.00	0.5148	0.0224	0.4629
739.00	0.5149	0.0223	0.4628
740.00	0.5150	0.0223	0.4627
741.00	0.5152	0.0222	0.4626
742.00	0.5153	0.0222	0.4625
743.00	0.5154	0.0221	0.4624
744.00	0.5156	0.0221	0.4623
745.00	0.5157	0.0221	0.4622
746.00	0.5159	0.0220	0.4621
747.00	0.5160	0.0220	0.4620
748.00	0.5162	0.0219	0.4619
749.00	0.5163	0.0219	0.4618
750.00	0.5165	0.0219	0.4617
751.00	0.5166	0.0218	0.4615
752.00	0.5168	0.0218	0.4614
753.00	0.5170	0.0218	0.4613
754.00	0.5171	0.0217	0.4611
755.00	0.5173	0.0217	0.4610
756.00	0.5175	0.0217	0.4609
757.00	0.5176	0.0216	0.4607
758.00	0.5178	0.0216	0.4606
759.00	0.5180	0.0216	0.4604
760.00	0.5182	0.0215	0.4603
761.00	0.5183	0.0215	0.4601
762.00	0.5185	0.0215	0.4600
763.00	0.5187	0.0214	0.4598
764.00	0.5189	0.0214	0.4597
765.00	0.5191	0.0214	0.4595
766.00	0.5193	0.0214	0.4594
767.00	0.5194	0.0213	0.4592
768.00	0.5196	0.0213	0.4591
769.00	0.5198	0.0213	0.4589
770.00	0.5200	0.0213	0.4587
771.00	0.5202	0.0213	0.4586
772.00	0.5204	0.0212	0.4584
773.00	0.5206	0.0212	0.4582
774.00	0.5207	0.0212	0.4581
775.00	0.5209	0.0212	0.4579
776.00	0.5211	0.0212	0.4577
777.00	0.5213	0.0212	0.4575
778.00	0.5215	0.0211	0.4574
779.00	0.5217	0.0211	0.4572
780.00	0.5219	0.0211	0.4570
781.00	0.5221	0.0211	0.4568
782.00	0.5222	0.0211	0.4567
783.00	0.5224	0.0211	0.4565
784.00	0.5226	0.0211	0.4563
785.00	0.5228	0.0211	0.4561
786.00	0.5230	0.0210	0.4560
787.00	0.5232	0.0210	0.4558
788.00	0.5234	0.0210	0.4556
789.00	0.5235	0.0210	0.4554
790.00	0.5237	0.0210	0.4553
791.00	0.5239	0.0210	0.4551
792.00	0.5241	0.0210	0.4549
793.00	0.5243	0.0210	0.4547
794.00	0.5244	0.0210	0.4546
795.00	0.5246	0.0210	0.4544
796.00	0.5248	0.0210	0.4542
797.00	0.5250	0.0210	0.4541
798.00	0.5251	0.0210	0.4539
799.00	0.5253	0.0210	0.4537
800.00	0.5255	0.0210	0.4535
801.00	0.5256	0.0210	0.4534
802.00	0.5258	0.0210	0.4532
803.00	0.5259	0.0210	0.4530
804.00	0.5261	0.0210	0.4529
805.00	0.5263	0.0210	0.4527
806.00	0.5264	0.0210	0.4526
807.00	0.5266	0.0210	0.4524
808.00	0.5267	0.0210	0.4522
809.00	0.5269	0.0210	0.4521
810.00	0.5270	0.0211	0.4519
811.00	0.5272	0.0211	0.4518
812.00	0.5273	0.0211	0.4516
813.00	0.5275	0.0211	0.4515
814.00	0.5276	0.0211	0.4513
815.00	0.5277	0.0211	0.4512
816.00	0.5279	0.0211	0.4510
817.00	0.5280	0.0211	0.4509
818.00	0.5281	0.0211	0.4507
819.00	0.5282	0.0212	0.4506
820.00	0.5284	0.0212	0.4505
821.00	0.5285	0.0212	0.4503
822.00	0.5286	0.0212	0.4502
823.00	0.5287	0.0212	0.4501
824.00	0.5288	0.0212	0.4499
825.00	0.5289	0.0212	0.4498
826.00	0.5290	0.0213	0.4497
827.00	0.5292	0.0213	0.4496
828.00	0.5293	0.0213	0.4495
829.00	0.5294	0.0213	0.4493
830.00	0.5294	0.0213	0.4492
831.00	0.5295	0.0214	0.4491
832.00	0.5296	0.0214	0.4490
833.00	0.5297	0.0214	0.4489
834.00	0.5298	0.0214	0.4488
835.00	0.5299	0.0214	0.4487
836.00	0.5300	0.0215	0.4486
837.00	0.5300	0.0215	0.4485
838.00	0.5301	0.0215	0.4484
839.00	0.5302	0.0215	0.4483
840.00	0.5302	0.0215	0.4482
841.00	0.5303	0.0216	0.4481
842.00	0.5304	0.0216	0.4480
843.00	0.5304	0.0216	0.4480
844.00	0.5305	0.0216	0.4479
845.00	0.5305	0.0217	0.4478
846.00	0.5306	0.0217	0.4477
847.00	0.5306	0.0217	0.4477
848.00	0.5307	0.0217	0.4476
849.00	0.5307	0.0218	0.4475
850.00	0.5307	0.0218	0.4475
851.00	0.5308	0.0218	0.4474
852.00	0.5308	0.0218	0.4474
853.00	0.5308	0.0219	0.4473
854.00	0.5309	0.0219	0.4473
855.00	0.5309	0.0219	0.4472
856.00	0.5309	0.0219	0.4472
857.00	0.5309	0.0220	0.4471
858.00	0.5309	0.0220	0.4471
859.00	0.5309	0.0220	0.4471
860.00	0.5309	0.0220	0.4470
861.00	0.5309	0.0221	0.4470
862.00	0.5309	0.0221	0.4470
863.00	0.5309	0.0221	0.4469
864.00	0.5309	0.0221	0.4469
865.00	0.5309	0.0222	0.4469
866.00	0.5309	0.0222	0.4469
867.00	0.5309	0.0222	0.4469
868.00	0.5309	0.0222	0.4469
869.00	0.5309	0.0223	0.4469
870.00	0.5309	0.0223	0.4468
871.00	0.5308	0.0223	0.4468
872.00	0.5308	0.0224	0.4468
873.00	0.5308	0.0224	0.4468
874.00	0.5308	0.0224	0.4468
875.00	0.5307	0.0224	0.4469
876.00	0.5307	0.0225	0.4469
877.00	0.5306	0.0225	0.4469
878.00	0.5306	0.0225	0.4469
879.00	0.5306	0.0225	0.4469
880.00	0.5305	0.0226	0.4469
881.00	0.5305	0.0226	0.4469
882.00	0.5304	0.0226	0.4470
883.00	0.5304	0.0226	0.4470
884.00	0.5303	0.0227	0.4470
885.00	0.5303	0.0227	0.4471
886.00	0.5302	0.0227	0.4471
887.00	0.5301	0.0227	0.4471
888.00	0.5301	0.0227	0.4472
889.00	0.5300	0.0228	0.4472
890.00	0.5300	0.0228	0.4472
891.00	0.5299	0.0228	0.4473
892.00	0.5298	0.0228	0.4473
893.00	0.5298	0.0229	0.4474
894.00	0.5297	0.0229	0.4474
895.00	0.5296	0.0229	0.4475
896.00	0.5295	0.0229	0.4475
897.00	0.5295	0.0229	0.4476
898.00	0.5294	0.0230	0.4477
899.00	0.5293	0.0230	0.4477
900.00	0.5292	0.0230	0.4478
901.00	0.5291	0.0230	0.4478
902.00	0.5291	0.0230	0.4479
903.00	0.5290	0.0231	0.4480
904.00	0.5289	0.0231	0.4480
905.00	0.5288	0.0231	0.4481
906.00	0.5287	0.0231	0.4482
907.00	0.5286	0.0231	0.4482
908.00	0.5285	0.0231	0.4483
909.00	0.5284	0.0232	0.4484
910.00	0.5284	0.0232	0.4485
911.00	0.5283	0.0232	0.4485
912.00	0.5282	0.0232	0.4486
913.00	0.5281	0.0232	0.4487
914.00	0.5280	0.0232	0.4488
915.00	0.5279	0.0233	0.4489
916.00	0.5278	0.0233	0.4489
917.00	0.5277	0.0233	0.4490
918.00	0.5276	0.0233	0.4491
919.00	0.5275	0.0233	0.4492
920.00	0.5274	0.0233	0.4493
921.00	0.5273	0.0233	0.4494
922.00	0.5272	0.0233	0.4494
923.00	0.5271	0.0233	0.4495
924.00	0.5270	0.0234	0.4496
925.00	0.5269	0.0234	0.4497
926.00	0.5268	0.0234	0.4498
927.00	0.5267	0.0234	0.4499
928.00	0.5266	0.0234	0.4500
929.00	0.5265	0.0234	0.4501
930.00	0.5264	0.0234	0.4501
931.00	0.5264	0.0234	0.4502
932.00	0.5263	0.0234	0.4503
933.00	0.5262	0.0234	0.4504
934.00	0.5261	0.0234	0.4505
935.00	0.5260	0.0234	0.4506
936.00	0.5259	0.0234	0.4507
937.00	0.5258	0.0234	0.4508
938.00	0.5257	0.0234	0.4509
939.00	0.5256	0.0234	0.4510
940.00	0.5255	0.0235	0.4510
941.00	0.5254	0.0235	0.4511
942.00	0.5253	0.0235	0.4512
943.00	0.5252	0.0235	0.4513
944.00	0.5251	0.0235	0.4514
945.00	0.5250	0.0235	0.4515
946.00	0.5250	0.0235	0.4516
947.00	0.5249	0.0235	0.4517
948.00	0.5248	0.0235	0.4518
949.00	0.5247	0.0235	0.4518
950.00	0.5246	0.0235	0.4519
951.00	0.5245	0.0235	0.4520
952.00	0.5245	0.0234	0.4521
953.00	0.5244	0.0234	0.4522
954.00	0.5243	0.0234	0.4523
955.00	0.5242	0.0234	0.4523
956.00	0.5241	0.0234	0.4524
957.00	0.5241	0.0234	0.4525
958.00	0.5240	0.0234	0.4526
959.00	0.5239	0.0234	0.4527
960.00	0.5238	0.0234	0.4527
961.00	0.5238	0.0234	0.4528
962.00	0.5237	0.0234	0.4529
963.00	0.5236	0.0234	0.4530
964.00	0.5236	0.0234	0.4531
965.00	0.5235	0.0234	0.4531
966.00	0.5234	0.0234	0.4532
967.00	0.5234	0.0234	0.4533
968.00	0.5233	0.0234	0.4533
969.00	0.5232	0.0234	0.4534
970.00	0.5232	0.0233	0.4535
971.00	0.5231	0.0233	0.4535
972.00	0.5231	0.0233	0.4536
973.00	0.5230	0.0233	0.4537
974.00	0.5230	0.0233	0.4537
975.00	0.5229	0.0233	0.4538
976.00	0.5228	0.0233	0.4539
977.00	0.5228	0.0233	0.4539
978.00	0.5228	0.0233	0.4540
979.00	0.5227	0.0233	0.4540
980.00	0.5227	0.0232	0.4541
981.00	0.5226	0.0232	0.4541
982.00	0.5226	0.0232	0.4542
983.00	0.5225	0.0232	0.4542
984.00	0.5225	0.0232	0.4543
985.00	0.5225	0.0232	0.4543
986.00	0.5224	0.0232	0.4544
987.00	0.5224	0.0232	0.4544
988.00	0.5224	0.0232	0.4545
989.00	0.5223	0.0231	0.4545
990.00	0.5223	0.0231	0.4546
991.00	0.5223	0.0231	0.4546
992.00	0.5223	0.0231	0.4546
993.00	0.5222	0.0231	0.4547
994.00	0.5222	0.0231	0.4547
995.00	0.5222	0.0231	0.4547
996.00	0.5222	0.0231	0.4548
997.00	0.5221	0.0230	0.4548
998.00	0.5221	0.0230	0.4548
999.00	0.5221	0.0230	0.4549
